12.71599717 59.6745309 
13.45799453 51.35781213
16.22985985 70.07523466
17.04771335 88.16522357
18.44398656 78.53351478
20.4648634  61.92709664
21.46357464 41.67534402
22.03062071 34.9826285 
22.08379151 91.84586466
22.60120006 10.69456843
24.7177239   6.71443707
25.97447527 38.68898853
26.37785293 91.39154772
28.37908221 27.12706805
28.57701934 28.40324949
29.23869097 28.61458639
29.30232318 52.40668753
29.3641003  26.21036552
29.3782187  27.97945654
29.46796746 26.58910635
29.604199   25.39547356
29.9572702  28.22158797
29.96546737 26.68272751
30.07388619 27.96251147
30.19157989 28.08730624
30.19750007 28.23916786
30.22896671 27.15046839
30.43396237 27.46874531
30.44259064 27.88858272
30.66190499 28.09570779
30.95033329 27.19084373
31.16801272 27.76771516
31.32585284  4.17977098
31.36420687 25.47924005
31.57425874 27.01758495
33.94113918 28.2862067 
35.08719013 55.09779053
35.66242811  4.56789652
36.63424017 85.0850504 
37.92105669  1.30173367
40.36963659 45.89817286
40.43384573 48.82713668
40.49750065 47.72905067
40.6275043   2.72023659
40.85551217 48.57249131
40.89489647 48.41322049
41.01406514 47.38985252
41.21772125 47.05193287
41.59126158 47.42059029
41.59273113 48.4046495 
41.64013171 47.4639409 
41.73305463 49.00067952
41.80188991 47.4826506 
41.97354613 54.01915157
42.03678021 33.0334821 
42.41425135 48.10732897
42.61250918 48.67824106
42.66827605 46.98706381
42.7154912  49.24343845
42.81223276  9.65309157
43.02545448 46.21590706
43.59949021  2.59262318
43.6747263  77.6559185 
43.70890406 47.55181147
44.46674944 46.50765154
45.1960566  48.95168611
46.77874846 20.17432263
49.70737987 41.49058374
50.40004394 32.35413175
50.523672   38.68926511
50.52460901  6.52865044
53.56041735 95.37422269
54.42081601  8.20949223
54.96624779 43.53223926
56.71441276 42.75459633
58.26848885  2.55509418
59.12573527 48.9266167 
59.20845777 34.62379095
60.84421578 82.62498284
62.11338328 52.91420943
62.35631846 17.67121616
64.04067252 48.30698356
64.38419341 66.14813267
66.22020193 38.75234259
73.83997586 65.75123877
76.49598605 16.92254466
77.80081598 13.39542082
79.36374544 58.00041789
79.7404939  26.93887976
79.85856541 54.33452306
80.02583511 60.18171214
83.20168996 73.67470563
84.65614854  7.9645477 
85.39752926 49.42368374
86.89166264 74.87778783
88.95200639 34.16136527
96.45510801 50.00083612
97.29106899 11.27762152
98.31534454 44.13549194
99.38520114 97.05803134