90.1816 54059.7934
192.3942 24318.2476
248.2426 49211.91
271.7958 13845.5304
333.5445 92478.8236
345.0189 62120.7972
398.893 53334.2231
452.8125 80757.1419
513.2837 12033.3062
557.2317 74555.3258
628.0726 42528.585
711.7528 59856.1159
732.6362 22675.3633
755.4776 95617.8797
792.8382 70371.8391
803.0547 50392.2645
815.3439 31512.4592
830.4725 85119.1101
844.8364 2520.1424
982.319 4178.7782
1025.0039 62935.9723
1205.1198 20708.6652
1284.499 36418.8004
1505.6134 89290.5883
1670.2707602666135 14488.671444111238
1670.4885785098274 14489.857827473448
1670.534531785289 14488.514649553625
1670.6974832412286 14491.587555746988
1670.8025936805323 14490.673980483789
1670.8106967520578 14489.331388143184
1670.858105496302 14487.99331623442
1670.8621539284593 14488.017136965565
1670.9999096153394 14488.864579487057
1671.0955959207763 14488.986544865544
1671.159806252316 14490.575181717079
1671.1942175348343 14490.654688865681
1671.3280186184857 14490.50144708177
1671.4178819605359 14489.995712203194
1671.4741492313524 14489.168961587728
1671.6347366752507 14489.344068650475
1671.6795450633174 14489.503254258432
1672.1019281235488 14490.00143565805
1672.4332569652884 14488.646572989488
1673.2251282518816 14489.9359502992
1714.0762 94762.4968
1781.4272 18057.7589
1858.1147 21878.3459
2161.8457 15381.6387
2162.7608 40030.1562
2229.2762 26102.2429
2397.9082 7851.1535
2517.4427 7988.5766
2717.0928 29920.8716
2867.3107 23782.136
2914.9318 37289.2884
2950.849 3839.0805
3035.8626 17633.1955
3095.3571 78967.2219
3164.246 18783.3256
3168.043 44537.0627
3227.7399 57114.1701
3235.9715 49160.7663
3285.3938 78579.7863
3338.724 3300.5168
3427.548 15406.6121
3681.4386 83660.1784
3706.8007 38804.7066
3862.5646 89388.357
3864.8267 58000.5387
3891.157 14973.9613
3974.0801 19801.3488
4112.1662 58294.0221
4128.9817 93400.6928
4177.129 79987.4462
4242.9192 16441.9086
4312.9036 10718.7404
4348.9698 24755.0876
4350.1186 39515.0758
4383.4942 54499.7493
4600.8733 51572.1953
4712.9677 59940.0078
4882.0324 67278.3312
4886.8086 23211.8251
4891.6448 51476.3004
5020.7107 15978.5739
5105.7149 66364.1258
5128.645 92064.8938
5222.2727 6566.3666
5274.9831 89585.3851
5302.3554 87904.1977
5307.6244 11305.1354
5375.4732 82714.4287
5436.3988 33474.9083
5593.3441 17403.633
5641.1154 80315.8987
5687.2865 87051.0601
5697.108 93763.3469
5731.5094 74206.9968
5799.0549 96523.2413
5871.554 79397.7028
5964.858 143.5029
6005.2704 32666.9134
6054.7172 45331.3692
6115.3769 37277.1426
6159.9465 44521.37
6268.1893 86572.6903
6280.5438 30860.8926
6498.5948 30634.4891
6571.0676 31728.3357
6659.1974 92666.1294
6868.7555 49251.1484
6966.059 93515.3563
7025.7674 36877.5842
7051.3714 83410.7334
7154.1987 47582.1431
7232.5323 84610.7712
7264.4492 67125.077
7340.7982 51745.451
7349.8385 62338.4714
7422.0441 68382.1894
7431.3885 8450.9179
7439.7884 33258.806
7451.5779 25685.3487
7503.3125 74008.4352
7562.6778 54092.9616
7633.674 37146.7308
7668.5622 29482.2451
7806.236 74069.9617
8036.2488 59104.6513
8103.3121 5688.2448
8115.0819 29946.0254
8302.8499 24271.912
8336.7996 1646.3628
8416.3032 19761.7619
8437.0118 91433.7163
8532.7882 68123.9054
8557.7053 8553.4681
8590.3947 72578.0345
8750.6445 7549.9711
8756.2509 3058.9483
8778.7555 55895.0795
8944.2043 21745.4934
9003.8043 17586.6743
9028.3366 88605.5674
9091.3114 56274.2972
9163.6412 34120.9959
9204.8723 75577.8141
9283.0464 18634.753
9311.5084 94212.3552
9455.646 49613.8199
9507.2767 86540.8909
9528.8052 28375.5807
9546.6297 67251.9909
9562.1491 33313.5313
9587.3315 19696.432
9609.07 16218.3448
9629.1477 63600.9101
9796.0396 49672.7502
9855.0009 96344.3041
10021.7585 21927.8166
10110.9998 58937.9644
10148.8157 8725.5615
10183.5346 98198.5039
10243.6966 11582.8916
10257.004 6659.0661
10274.9275 47430.5116
10319.6702 18024.7196
10377.3871 28310.6091
10440.6393 87416.9228
10534.8073 82515.5747
10586.2651 66826.3505
10630.5306 14057.5834
10663.4978 8338.972
10670.8628 43920.7192
10691.2456 12711.5076
10723.5321 86330.652
10787.9587 66494.1591
10858.7317 15204.1264
10865.3346 8844.1969
10884.9836 27550.6441
10960.7874 12159.851
10961.2666 47071.4718
11058.3148 27405.9253
11093.1141 52332.517
11178.7398 86502.5142
11253.5468 9551.7606
11335.9783 23346.528
11363.3925 64117.7309
11605.3451 10417.9693
11624.1736 62580.8431
11805.6197 62554.1382
12003.9792 83890.2595
12035.9057 20792.9339
12094.9097 11463.5664
12128.5317 90720.0295
12212.957 37510.9781
12239.4412 56718.5822
12259.0643 47494.8504
12375.5236 17299.0536
12694.8456 39862.4516
12715.9972 59674.5309
12796.6643 66541.5673
12904.2566 48950.5698
12919.2984 73007.1271
12967.0148 52820.6533
13021.4446 45770.6999
13113.7839 70812.864
13118.1697 62522.0472
13139.4605 34663.0015
13198.6348 82677.3315
13275.3199 50678.117
13290.9589 49711.1059
13304.4502 76724.4135
13368.4195 4202.1152
13376.5191 14227.2259
13381.0618 71529.1243
13457.9945 51357.8121
13487.531 35778.3502
13567.9658 90690.223
13614.9639 19561.8514
13696.2348 42737.7469
13707.0694 34137.3091
13817.8759 31813.2756
13866.1107 35306.1543
13907.3528 64910.0961
13990.0124 72168.4221
13999.187 81382.2478
14118.205 54413.233
14124.9139 98204.9972
14143.5704 44347.2537
14289.167614128371 56440.566718802496
14289.270455119604 56439.22951765824
14289.366547596224 56442.423339407986
14289.515807091828 56440.64676355345
14290.180329826371 56439.99059466205
14290.34524787839 56440.016294763846
14290.416561710319 56439.769477858375
14290.833037099152 56441.6232742895
14291.113898581272 56441.78121052991
14291.284161810707 56441.726657056315
14291.498058760564 56442.31632620898
14291.577676704941 56438.42003999391
14291.63545559867 56439.310921058845
14291.663797505007 56439.78789936917
14291.769135854833 56439.27682184779
14291.77515609836 56440.25873726881
14291.916629262665 56440.43722784442
14291.995079399854 56439.5397889378
14292.005099248767 56441.04724625069
14293.025297285692 56437.575187563605
14362.7788 93697.705
14417.3793 88316.5123
14515.563 39557.3491
14526.0416 59116.4223
14613.1082 42276.4315
14629.8442 20865.9979
14654.9373 56868.7044
14712.812 75121.4677
14798.9152 28117.3462
14899.2674 25292.3533
15012.7896 44468.1822
15242.0615 23682.1015
15257.7326 70618.3035
15267.0962 81343.6849
15268.9041 38698.2826
15354.4804 40760.4157
15396.339 91557.5131
15441.9592 95353.9227
15531.8255 60540.3542
15594.4512 43509.2426
15781.3287 49945.7433
15813.9496 91162.8084
15819.524 63836.1938
15909.1773 57651.0633
15958.1768 70047.8001
16021.2398 81225.4083
16095.447 64389.3601
16229.8599 70075.2347
16430.4472 53821.8995
16448.1849 65868.6393
16635.1816 73820.6861
16793.1942 57941.6909
16805.3121 74425.5891
16936.1168 32426.242
16993.6535 94490.5792
17047.7133 88165.2236
17066.8955 81377.4178
17068.5526 34497.996
17149.1216 84435.6515
17180.4995 47960.4234
17185.6342 89359.3493
17354.7397 24961.3446
17454.9302 99473.3027
17456.3714 34316.9198
17551.36 87103.673
17559.9071 71332.1562
17572.4193 7923.8171
17663.7881 26206.8964
17835.4285 4904.4347
17885.5342 96719.2813
17970.5709 98226.4664
18007.9925 48780.4916
18032.3501 88372.5606
18039.0576 21556.8237
18112.1448 87542.1343
18113.3495 88400.0122
18115.0229 51440.206
18133.5519 7457.7909
18195.1578 60434.6937
18278.387 6135.6193
18288.411 90234.797
18443.9866 78533.5148
18450.4265 56113.1697
18536.8885 58949.7214
18676.8607 46757.4199
18704.8843 67369.3374
18791.0871 85007.2619
19171.0039 99039.3729
19224.8559 31961.2826
19264.6342 18978.0306
19272.9439 57675.9452
19333.3664 1275.1876
19410.9961 42910.385
19484.9256 79499.8181
19702.0259 81891.5541
19866.2322 55808.6412
19889.9092 42958.8619
20067.5803 69585.4441
20084.2344 38833.4182
20092.5613 85688.3901
20128.1938 70613.8469
20146.3709 80387.6388
20264.9051 6290.154
20276.0888 75771.3978
20366.0405 27555.2339
20402.8861 6551.1241
20464.8634 61927.0966
20540.6013 85065.6403
20584.2957 35108.0515
20603.586 2953.2256
20609.7635 46421.235
20645.3439 16832.7051
20822.8625 37293.994
20850.2495 86738.1537
21102.0709 37833.6677
21206.3582 95068.6945
21308.502 93779.1012
21323.7717 63799.9336
21373.2156 86173.1047
21409.8956 5801.608
21463.5746 41675.344
21492.4384 28560.3734
21545.5559 58307.5552
21680.9489 54759.5898
21703.3418 15526.8772
21752.617 11588.1831
21867.1761 91971.0388
21882.0786 466.3523
21928.0831 45370.8465
21950.5401 4374.8807
22030.1655 56285.7399
22030.6207 34982.6285
22083.7915 91845.8647
22165.4098 53616.0543
22216.1477 10542.4458
22373.7566 56963.1301
22400.1318 94118.2496
22522.0421 78456.2779
22531.178 28518.532
22543.8836 37389.6724
22601.2001 10694.5684
22612.9527 24696.7842
22745.5552 87487.016
22807.8193 90132.0112
22957.4029 70462.7499
23147.4726 35886.1597
23153.736 60062.1539
23163.492 96449.5705
23198.8342 33167.3327
23272.5896 27290.5199
23292.2705 99002.0282
23397.1169 54196.7183
23766.617 81396.0552
23769.7293 25329.0476
23770.9206 86291.1511
23790.3299 12490.8101
23876.5495 69317.3253
23926.9397 35513.5436
24056.4244 1390.3825
24124.681 91501.4168
24217.4813 38831.842
24218.6418 66027.7944
24295.909 95369.1549
24318.2269 11988.0647
24325.4142 94932.6506
24333.1198 99025.4349
24355.0738 38722.9119
24452.532 15226.0585
24499.4138 50506.1921
24556.903 87941.1288
24581.1164 18662.7146
24717.7239 6714.4371
24769.3178 40401.4154
24793.7506 4514.8228
24873.4289 28967.5491
25003.2233 42122.7174
25105.9308 13183.5921
25128.2922 88123.5297
25306.7578 55864.6331
25325.094 46855.2666
25334.9013 79123.4491
25354.8267 25422.669
25463.7574 28433.7807
25479.7216 42471.0514
25536.9302 73345.1973
25537.4336 95915.5019
25581.1734 62724.0898
25723.6636 43250.203
25735.8693 58147.5184
25853.2445 44623.7225
25870.8031 60779.2324
25948.0404 69239.9246
25974.4753 38688.9885
26127.9687 65572.4964
26255.6876 30441.6629
26332.0114 86363.4171
26377.8529 91391.5477
26470.3153 6860.8498
26491.6158 48304.7695
26624.295 74192.2612
26643.7676 52063.9331
26658.9841 20387.6081
26662.5893 80317.5872
26961.2206 47966.3638
26984.8819 6797.8161
27082.46 69160.9554
27135.5939 94597.7145
27244.3578 53415.2614
27258.8398 51479.1391
27272.2569 67482.324
27313.2199 57679.4731
27411.7488 80277.2258
27445.1036 94278.0064
27615.5203 8258.5835
27667.3416 36052.27
27722.7389 40413.1606
27732.3622 19926.8313
27801.0323 90473.4942
27816.3078 42325.1688
27892.0052 92248.1137
27910.0079 89277.8199
28026.8288 11710.5036
28065.9606 5182.3247
28411.6085 72253.5234
28491.4174 22373.6887
28606.2282 47864.4728
28622.0208 17758.2074
28868.8352 53240.4014
28932.2707 59803.7325
29045.8271 30939.7281
29085.5779 8902.6192
29111.6118 10538.9864
29116.699 22209.5479
29182.422 18675.3171
29302.3232 52406.6875
29327.5833 99500.0
29376.0402 17437.8686
29378.2794 63375.6726
29435.3901 68104.7552
29450.3683 93628.0861
29517.2305 18728.6545
29620.4954 84186.7633
29893.4117 26451.5596
29908.3693 76347.8294
29940.7031 93925.5467
29952.9258 74824.9314
29965.4674 26682.7275
30056.3439 90982.6096
30061.1784 59701.6549
30075.307 51144.8725
30085.6869 32238.1796
30088.1713 57985.0725
30289.5595 99076.1563
30304.6228 7490.3189
30337.9745 43222.32
30358.5798 27765.3073
30505.3028 8626.6439
30591.7151 70936.1933
30605.9485 86204.7502
30625.4213 88191.0813
30636.4672 77579.7911
30664.187 39617.5858
30696.9524 8103.6929
30795.3619 38706.4532
30903.5323 49360.3078
30912.1405 55531.0883
30933.5609 67346.4917
30997.7983 77198.8571
31017.4949 86514.4489
31152.9403 88029.8956
31325.8528 4179.771
31386.8204 13494.6832
31471.8079 17067.348
31493.7761 73774.4536
31568.0762 58552.6334
31589.2145 23565.003
31789.849 57200.8813
31987.5938 46025.4987
32029.0287 72273.7897
32083.9452 36890.4654
32124.2967 84990.8145
32192.5947 2713.5715
32263.9553 76567.5646
32323.1566 26503.6233
32352.8515 21159.7583
32375.0582 98886.2093
32376.3351 13800.2587
32439.5064 46977.2616
32526.8112 793.3937
32589.085 41383.5051
32658.8301 22028.9887
32661.9669 92052.5033
32693.6597 95746.0959
32739.4184 96436.6836
32779.5505 9615.0898
32916.98 71888.922
33072.3156 42720.4488
33074.7026 22861.0252
33080.1988 71784.3925
33187.3713 48145.8162
33193.7409 56353.1343
33251.0554 11181.067
33364.6577 62488.757
33367.177 59850.4672
33489.5553 91951.835
33521.6093 94133.9346
33565.7013 17095.9469
33736.8294 95201.0705
33771.9621 66263.5201
33905.2724 42313.8749
33973.9148 96735.3302
34141.6919 94891.7999
34156.9653 20242.4443
34173.4634 95190.5916
34315.5536 27790.7524
34345.8278 44983.3875
34347.6824 87080.9883
34365.4429 87972.3297
34418.5067 220.904
34441.7227 4694.4822
34456.4002 70197.7341
34521.5532 11894.7941
34525.9272 60456.1761
34563.3221 1878.6641
34573.9027 96226.7834
34598.7117 72904.9021
34782.7303 75505.875
34784.1685 4263.1419
34885.4669 63717.1171
34888.8078 34872.2538
34890.3256 48364.0717
35010.5377 45947.2063
35087.1901 55097.7905
35167.6146 69481.0481
35170.9123 7446.3172
35192.9037 83785.8932
35221.8656 45382.3618
35264.3787 81192.6702
35321.3892 16477.8623
35475.7226 26112.7155
35568.7172 72788.5193
35596.067 92182.9119
35662.4281 4567.8965
35713.4934 58978.1991
35751.8232 945.0374
35753.3396 77279.962
35757.1895 40255.0858
35824.1718 78806.4238
35892.0134 68039.1484
35993.3612 52241.0855
36070.6294 90069.7957
36102.7781 80990.0963
36184.9319 533.37
36197.6275 59520.0039
36205.1255 48566.1798
36315.8654 25602.1416
36388.3697 10759.3295
36498.9431 76495.0182
36566.0564 55277.996
36634.2402 85085.0504
36673.1926 4685.2531
36743.75845205551 65097.44380276075
36744.06325912043 65094.989244551
36744.14900607879 65098.0387343423
36745.01598036395 65095.76422758767
36745.13852084225 65096.36979044583
36745.28315373664 65095.71994581601
36745.340133384125 65095.42910363706
36745.62431102169 65096.39842155044
36745.699253165505 65096.4668674344
36745.76771628458 65095.27870551641
36745.88284054646 65098.423145898116
36745.90262114685 65095.79784035705
36746.151276838405 65094.62677280214
36746.31147130088 65095.563619977445
36746.33121623807 65095.532634174895
36746.56783713663 65096.703647768765
36746.57484016222 65097.64796428545
36746.84070846485 65096.2896244231
36746.86124783422 65095.788367527784
36747.22047384983 65095.976154652264
36777.719 23427.1135
36830.5764 86359.4181
36840.323 67932.6014
36929.2582 5897.3099
37085.4627 61343.1548
37123.5099 94039.755
37186.8608 26263.1019
37227.5938 89865.9391
37242.0515 90952.991
37273.7339 66703.9234
37313.5922 96428.0978
37399.9796 93774.7305
37538.1437 19479.4328
37659.3875 33236.5184
37694.8556 34587.4376
37890.8654 73525.5347
37892.6683 86583.6919
37921.0567 1301.7337
37985.6925 28690.8992
38051.161 78004.1598
38071.7172 60040.9549
38079.2584 17830.9828
38099.5953 71750.8228
38161.9653 67883.1144
38185.7011 72927.7332
38252.78 50486.1605
38323.6898 53769.2142
38333.5358 59672.7487
38404.4259 27826.0403
38425.6515 95879.5038
38498.0954 95379.981
38569.8155 39689.912
38637.5725 61108.93
38690.0343 85511.9661
38691.6622 46696.5355
38697.1225 83624.9195
38909.5938 89322.2323
39002.1399 53169.5628
39043.1821 93591.5397
39076.2025 70803.9217
39100.1962 62218.5246
39136.6023 44603.1047
39194.9384 14962.2739
39623.5737 90532.5101
39634.4832 31872.5731
39652.0461 25462.651
39653.8913 33508.7673
39741.0329 357.3433
39780.1139 39587.501
39824.9472 24336.9926
39916.2157 53872.6437
39918.2217 21387.9959
39993.0351 56560.8454
40045.4206 47338.5957
40124.878 62444.733
40263.7923 43666.988
40357.9016 77003.543
40573.4267 3755.1422
40627.5043 2720.2366
40679.9451 98499.3043
40791.7336 88075.1715
40908.108 66821.6829
41019.6137 3922.9305
41026.2712 57477.6738
41091.8946 79947.6507
41131.4718 22634.2509
41226.6849 30357.1116
41253.8246 25000.202
41341.6452 13972.2108
41433.0947 77318.6569
41446.0055 84868.4514
41466.8257 29133.7718
41710.0808 91251.0953
41748.1313 29911.1384
41783.6244 56337.611
41795.6324 23567.2545
41973.5461 54019.1516
41976.896 9739.0899
42008.4083 13233.4168
42036.7802 33033.4821
42233.3527 70762.6199
42364.8936 14074.1355
42394.8767 93287.8787
42415.1429 43044.5801
42420.6318 84409.2089
42483.6236 38056.6279
42536.7292 44457.4265
42600.4639 31927.9501
42654.6066 27263.8674
42804.9994 28103.7995
42812.2328 9653.0916
42819.5076 14052.0378
42854.0281 62900.9457
43062.8942 76103.0398
43189.7998 9446.8501
43352.2979 1953.8743
43362.2262 67016.1717
43410.9347 97386.7621
43432.3507 57577.3732
43468.8805 97435.0755
43508.365 22088.1222
43512.2619 91267.7153
43574.6746 5429.4489
43599.4902 2592.6232
43674.7263 77655.9185
43677.3206 92482.4331
43798.4242 57062.7764
43928.7693 34248.1862
44041.2251 95182.5948
44044.4787 95314.8317
44069.4624 20265.0506
44099.4457 90312.4716
44201.5335 67484.7601
44228.5055 29502.0803
44260.1096 13941.7093
44264.3514 55054.5441
44271.8275 61708.1102
44449.1382 41092.6056
44457.0942 71574.7084
44553.7613 33169.2565
44570.2197 67794.3443
44623.973 85482.4572
44628.4967 23326.4359
44646.8108 76243.0558
44703.6977 50818.1902
44704.4045 50005.1024
44795.0715 97790.4003
44801.4717 20704.9838
44830.6624 73049.7315
44973.8944 37654.6735
44974.214 47000.9589
45022.718 70797.1171
45036.9873 53752.3215
45130.6486 42985.4276
45142.6749 70033.0405
45168.6696 36474.1474
45272.1534 79773.856
45281.7631 85509.9987
45325.66 71553.9575
45400.8777 97890.6175
45405.2097 99306.4318
45477.3503 71835.405
45508.8471 80252.8023
45623.2037 46233.7602
45653.9913 92493.6059
45711.1949 31582.8024
45740.0054 10578.4995
45767.4517 82567.5713
45847.0029 425.132
45949.1197 36793.3314
46173.8905 12578.1383
46175.8866 87743.8137
46198.5299 65423.9733
46208.2574 46735.2596
46246.0355 86017.8529
46544.1415 59395.6064
46778.7485 20174.3226
46822.3112 46834.031
46831.1911 61521.4078
46926.7783 61275.8927
47078.2782 95066.9576
47091.0419 40150.5923
47140.9857 54949.6821
47286.8412 62491.2398
47473.738 4629.2142
47565.4881 22371.0923
47625.1407 21218.725
47657.8522 71725.4424
47664.0465 87676.9614
47701.9191 13539.5595
47759.7025 43769.1111
47844.987 98098.6755
47900.8254 16230.96
47931.4288 13132.761
48022.0041 32935.0585
48061.6306 60939.9058
48142.4453 39242.1973
48192.8893 59957.9212
48257.5043 2708.1994
48372.5849 84031.6472
48393.9078 40272.4263
48405.3574 95851.4067
48457.0141 9230.2625
48462.4085 49085.1034
48883.8648 96788.8298
48917.0533 66229.5179
48930.1288 26072.002
48951.5283 15110.2445
48958.1583 24024.262
49021.8389 98573.2041
49032.3829 52311.3875
49231.1077 51796.6087
49256.7201 88190.8698
49414.9298 47304.3313
49492.1211 91273.081
49526.2162 70019.7747
49626.7878 6159.1509
49628.5368 52129.7527
49655.0876 9229.5568
49688.7998 12623.2648
49707.3799 41490.5837
49958.6441 21043.9534
50075.9743 1938.6082
50121.6452 50608.6834
50259.9896 55159.485
50277.8753 95674.7593
50300.6774 37800.2409
50302.1411 7366.0997
50363.0069 41952.7399
50400.0439 32354.1318
50507.8995 2753.8452
50523.672 38689.2651
50524.609 6528.6504
50579.9093 84877.4357
50625.4835 85093.2049
50753.5459 97955.9954
50761.7487 52573.325
51179.3018 72073.7539
51757.5541 6285.2214
51925.2871 2375.0277
52063.1064 93309.7309
52100.6185 56306.3202
52122.213 95021.5435
52136.5533 89834.3965
52153.3393 86265.2798
52180.2056 5101.9962
52185.3476 421.3342
52202.8438 47653.6585
52213.3359 20518.1789
52316.9326 32505.6804
52495.0378 56941.1443
52509.283 12325.2402
52616.2192 21090.56
52628.6485 28759.6543
52663.8424 46344.9256
52724.2623 98262.6885
52728.8287 57373.8946
52914.4703 23577.1834
52980.3879 85777.6334
53034.5835 2943.7191
53046.8854 44481.6872
53067.6089 92837.8186
53132.4178 91660.9783
53166.8392 4476.6962
53284.0887 80633.5214
53301.3124 25575.7772
53396.3277 92138.6755
53421.4657 82680.861
53531.5519 4461.3891
53560.1391 96265.6284
53560.4173 95374.2227
53621.5542 36751.6208
53634.3473 29651.2751
53703.8884 66303.3285
53880.9048 33943.5543
53946.1095 49536.2003
54028.2086 8102.1495
54055.8963 63338.4636
54420.816 8209.4922
54553.948 92044.6561
54638.897 74436.0889
54650.5632 63536.4282
54681.3923 47598.8741
54790.778 69952.062
54845.3907 64237.6632
54957.277 5064.208
54966.2478 43532.2393
55044.1082 88297.8349
55088.2863 1300.1958
55088.7473 20019.975
55355.3761 21876.6516
55387.2916 35606.8329
55495.4885 91302.4626
55731.734 87692.4176
55786.1009 44834.364
55902.5535 18208.5538
56004.943 45079.6124
56019.1724 84024.8732
56019.5931 84725.0094
56068.0575 16054.9353
56111.3087 43725.031
56312.7387 81113.987
56342.6036 74070.1911
56410.7812 20797.5016
56427.1388 63032.8836
56628.6234 97422.0864
56665.4452 92289.0062
56666.3472 27649.4628
56714.4128 42754.5963
56732.189 96513.9097
56769.2596 59820.7303
56788.9959 90325.4972
56791.8935 79358.4881
56792.8684 59520.5828
56914.0532 80513.154
56978.2607 3995.3521
56997.6652 93413.6749
57178.1152 65581.5872
57281.2288 26544.3472
57301.932 89097.3517
57330.4748 80090.1422
57333.5759 91052.1891
57615.4354 18518.0194
57617.4588 42481.5602
57670.966 2774.4298
57751.5576 68874.1466
57850.529 44594.9293
57908.2951 69183.4734
57920.196 65424.1935
57927.31 32725.2556
57985.2857 27882.4317
58120.8354 69487.9201
58143.7529 14859.1298
58182.729 83124.9503
58222.7684 49457.2992
58268.4889 2555.0942
58417.8 19651.7218
58423.3327 71870.3038
58446.3521 81021.2543
58450.5291 62013.5691
58555.545 52413.1345
58558.9686 5330.1022
58658.4485 80694.2693
58854.9785 15862.8317
58877.6199 59257.4583
58978.7447 12443.7101
59125.6614 71703.2912
59125.7353 48926.6167
59187.9069 70899.1172
59208.4578 34623.7909
59275.8813 18066.8922
59313.2755 64839.0509
59374.037 54147.6639
59431.7008 768.3682
59448.7243 4940.5615
59482.389 6684.5916
59724.9546 94347.1272
59831.6283 43780.2014
59904.0365 30286.7086
59934.0314 92191.6642
60026.357 34997.2865
60087.7667 37971.0955
60176.372 91201.8777
60269.3823 82428.116
60315.1502 89687.9544
60336.5692 97086.5628
60485.9561 67817.9831
60844.2158 82624.9828
60893.0149 83321.249
61011.9711 53134.9109
61165.9641 5962.0379
61178.4335 85218.3376
61282.7789 28584.6327
61339.999 69273.4046
61368.7632 34820.8142
61417.0197 89557.9144
61433.9221 38100.5485
61525.4573 95365.9962
61746.202 48658.2038
61963.2989 44365.6984
61964.1464 29042.6743
62113.3833 52914.2094
62184.2594 56557.9017
62314.71210543559 99138.67658313396
62315.6165674358 99138.24368981677
62316.0288068521 99140.89955332351
62316.06433901675 99140.0509498209
62316.27622781405 99139.7472865436
62316.445530588695 99139.7674683442
62316.53641234407 99140.89435489594
62316.612328532035 99139.60216403104
62316.64122548355 99139.97808784578
62316.666460626744 99140.44279665792
62316.88242759861 99140.30354512561
62316.92644032562 99139.68460402479
62317.01100022828 99138.3314356897
62317.14249399493 99137.79834488146
62317.26730014031 99141.11845733639
62317.39050145833 99140.75815467232
62317.43246813209 99140.57549739824
62317.80144714956 99139.4848223448
62318.11109972521 99140.33492589329
62318.59684009175 99139.82671658856
62346.189 90670.192
62356.3185 17671.2162
62634.3959 41447.925
62657.5227 74748.7214
62763.1073 31849.2512
62989.6041 24619.6409
63172.0162 7565.0707
63221.2675 60317.5945
63231.092 1051.2187
63293.6981 52609.3867
63423.8776 83047.3051
63459.3602 88815.3402
63656.3418 18524.3975
63677.2261 2502.082
63687.0553 6107.6152
63826.2019 43646.4018
63900.5624 55641.4469
63978.2229 82183.4805
64040.6725 48306.9836
64181.1764 8737.9179
64193.2889 61159.2202
64216.1101 51973.4237
64277.8709 33414.298
64331.1427 16146.6563
64332.8459 54331.8638
64384.1934 66148.1327
64427.4314 24802.8132
64459.4981 92747.3506
64461.0348 32202.7672
64478.7783 22591.4838
64524.2669 52406.6288
64539.3911 93205.0601
64555.4176 432.5771
64697.439 7528.7752
64752.6723 86518.5208
64758.4802 16596.0359
64776.9478 6392.5096
64784.0651 12156.1599
64794.6873 74136.2055
64922.7093 52775.2397
64942.7453 60042.1131
65045.8623 46983.0504
65080.1317 86989.8216
65085.9514 10811.0225
65209.568 50679.1385
65219.1305 37450.9952
65290.6951 47773.6353
65361.1851 87928.6955
65453.5036 90682.9164
65478.6952 58923.1248
65488.7565 73724.713
65593.9399 55464.6874
65594.7267 2867.8752
65669.5227 57148.6317
65912.6021 53491.5281
65997.1639 42786.0726
66050.4063 19223.272
66196.779 28325.8744
66202.4705 95478.877
66220.2019 38752.3426
66339.8877 66914.5773
66343.1096 84666.5669
66352.0717 22567.1601
66368.9231 79388.0524
66391.0969 7640.0234
66460.5805 67262.1605
66529.8953 94803.9963
66842.7046 19802.7112
66883.9735 54303.8741
67069.7174 40560.0567
67262.2392 41474.3084
67334.2916 4031.134
67458.3494 19442.0894
67515.6043 11088.6637
67633.732 74448.6058
67758.4978 30263.1508
67842.151 33275.9958
67921.8568 78884.0076
68047.2182 62673.5955
68078.2267 81346.9449
68206.7861 38362.9155
68273.9365 98829.8634
68347.4893 52250.3225
68448.133 65043.233
68501.3278 77921.925
68612.4401 85257.7256
68641.0262 88369.6514
68821.9527 40481.9127
68835.3177 26649.6903
68925.1875 64452.6189
68935.15289270926 9736.582090981434
68935.67756452478 9737.5162016102
68935.86253085306 9737.497054175714
68936.06966492653 9736.322345072238
68936.14641023776 9736.067577917785
68936.18641940373 9737.307352263693
68936.21915818429 9736.491787664349
68936.59751070585 9739.233868706122
68936.75294952797 9737.397459428426
68936.76668803519 9737.626737626102
68936.96567360121 9737.378840766778
68937.20805130692 9737.192327612407
68937.29511646667 9737.669883338023
68937.45642873948 9737.164951128605
68937.47700130775 9736.644971530763
68937.89193662893 9737.401632208683
68937.96242151468 9735.151051129616
68938.05634542537 9737.963946864234
68938.07288642297 9735.806122357151
68938.66268191599 9737.502052944455
69011.5106 43515.2117
69054.1831 22159.3917
69293.4647 93273.3472
69317.0293 89516.7689
69333.3829 53410.17
69415.2545 73366.9798
69423.9119 13976.3499
69662.1116 38763.9049
69722.9395 74763.0838
69819.9355 62578.862
69888.1397 9185.2581
70044.7182 19060.0125
70086.8479 91427.7624
70098.4727 8941.0263
70134.1942 53401.4586
70216.2266 19809.5628
70329.4154 33448.7672
70342.6247 55689.2384
70361.0229 41634.3408
70487.4857 43073.7955
70550.3025 9846.8629
70579.9576 98462.9385
70648.054 39157.2519
70653.7613 53289.1974
70729.0811 41279.722
70750.2887 93734.2055
70790.9387 10435.8891
70867.9757 76096.0719
70871.9264 67498.9184
71155.0805 87149.8903
71174.6446 57359.0348
71206.0089 87912.6239
71222.4791 5197.1152
71300.7294 76985.9657
71319.1961 81318.1716
71573.0588 10174.4811
71588.9792 36648.72
71632.1808 57831.6563
71635.945 5435.7826
71679.5402 22411.0428
71811.2787 93628.6404
71874.1658 11314.4785
71899.1624 65743.7974
71995.2304 700.2808
72000.9202 36200.9604
72025.795 68959.9493
72064.7324 28354.6664
72312.589 41702.6521
72330.3509 1098.044
72416.4274 38193.04
72487.4086 84051.3475
72621.2975 77499.6455
72747.4673 32403.3196
72890.6475 22795.2795
72900.0802 12616.0109
72978.4341 9791.0486
73003.5112 28195.4948
73068.0201 80341.4164
73810.1842 8943.268
73839.9759 65751.2388
73887.0849 86140.0797
73953.4625 26101.6429
74175.5039 65302.0513
74523.5147 69520.7931
74628.053 17895.6018
74647.1607 57874.7704
74701.8743 74641.4654
74704.7253 94286.0304
74712.8347 19263.68
74769.8502 58389.7774
74792.2724 54166.7775
74818.5028 38486.9897
74837.3999 85783.9518
74863.8465 95805.86
74895.62628649398 35679.27166766958
74895.99267424631 35677.64279737697
74896.10093819832 35679.24680771348
74896.33699606395 35677.847301435475
74896.50394086585 35679.54769847746
74896.81892835164 35680.69947345586
74896.9377958332 35680.07929051972
74897.00810844183 35680.00913100901
74897.03631645849 35680.53788673772
74897.49878579169 35679.25952375855
74897.51110197623 35678.65155352746
74897.76308214822 35679.351157108955
74897.82895035733 35679.739262746574
74897.87585825667 35679.000899912855
74897.94257058564 35677.723018562196
74898.12814996301 35680.43913433516
74898.24328187575 35680.27331373436
74898.2920939298 35678.71834063757
74899.6150774954 35680.04832663464
74900.11592301102 35680.890550705764
74933.8693 14148.8012
75033.8954 37545.2695
75452.9023 55429.244
75468.3064 61866.3581
75487.4113 79568.5344
75542.423 62250.1218
75682.9779 45256.8125
75698.2179 61294.7962
75700.3725 5977.9935
75749.0615 12234.399
75841.354 2801.8978
75888.6744 41204.1891
75926.2756 25156.3948
75958.3315 23610.5586
75991.8593 87002.5777
76084.5349 55483.4736
76139.0813 14030.346
76177.8181 19086.0452
76266.4829 69105.564
76286.1479 69958.6683
76307.9269 66273.6346
76308.9094 59492.8505
76316.399 65849.5856
76368.5054 46025.8452
76389.1979 3288.6939
76495.986 16922.5447
76539.6107 18904.6781
76656.3585 79026.2188
76720.5285 89078.5042
76809.3734 53680.9025
76968.1561 72759.4502
77017.3924 74075.1261
77097.7974 8905.0196
77257.1384 52954.1978
77375.3078 47386.917
77385.7384 26708.5139
77758.7908 77710.2999
77800.816 13395.4208
77964.3756 62504.1994
78006.9991 1853.8499
78063.12893225378 35523.331083429424
78063.16908721894 35520.73725820042
78063.65698367602 35523.83769996612
78063.73114207925 35524.36726025214
78064.12633978944 35523.422619791825
78065.00063972695 35523.751770600385
78065.13607264117 35523.82697697923
78065.19516600942 35522.98730265277
78065.22541082124 35522.01772125645
78065.34669623946 35521.999905600955
78065.78482270817 35523.620063027694
78065.87766849875 35523.00388072934
78065.9705923271 35522.296297329034
78066.00082255897 35524.77120714779
78066.05493952635 35522.74096277184
78066.21429036677 35524.99624192011
78066.23125892454 35523.49500845023
78066.34906312943 35522.89396432921
78066.42171694983 35523.66809673475
78067.25583114754 35523.89104478044
78165.9426 47220.8587
78167.4357 5262.9569
78177.0691 1441.1518
78249.1156 20854.9859
78370.1415 82337.1098
78456.6301 45956.0507
78457.194 2990.5562
78608.6296 95323.5807
78613.4893 69377.2472
78622.8517 81250.5581
78707.3788 27120.6706
78776.6346 72424.3816
78917.1653 13681.8349
78975.1385 75423.6864
79024.3803 76233.5244
79051.5637 14628.5475
79185.4824 3870.002
79215.9961 6465.0665
79233.0219 34900.1641
79363.7454 58000.4179
79447.1276 12123.8794
79740.4939 26938.8798
79858.5654 54334.5231
79888.5512 3124.7562
80001.7598 24933.2267
80025.8351 60181.7121
80137.5189 19862.6064
80151.7158 6764.1861
80160.1781 98933.5185
80362.3303 64253.3308
80492.581 71904.5371
80916.6718 25289.9699
81191.9969 10421.7269
81199.3791 48426.5877
81251.7699 14018.4183
81253.0907 79003.8657
81527.0316 75338.6829
81597.9549 99192.5237
81622.0921 83178.3583
81655.5871 40056.2889
81810.9422 15502.08
81893.8542 78948.3786
82071.8014 51297.9911
82081.7649 21414.6902
82321.3891 87599.2935
82368.2803 11671.8028
82522.4376 6832.8038
82616.2363 12492.0333
82697.8636 12896.6614
82705.4264 31264.1749
82962.1838 6664.0514
83107.9197 45105.8843
83201.69 73674.7056
83217.0922 5439.5837
83247.6595 90605.2297
83316.1245 20579.3677
83356.5192 74776.3459
83618.5728 16894.7558
83643.1682 61718.3712
83653.8361 91397.9568
83777.3814 73109.5382
83903.7946 20396.7793
83999.528 99500.0
84112.2948 95428.8637
84139.8073 43638.7317
84233.3046 92616.1287
84398.1893 39672.9785
84415.0941 32669.3625
84422.2525 28227.1711
84511.3116 98850.9701
84616.25 95951.0893
84635.3234 66021.9769
84656.1485 7964.5477
84879.7976 21098.67
85122.0948 84017.1268
85177.3099 66358.2575
85226.2927 64093.864
85316.9742 77959.346
85319.9812 79284.2528
85397.5293 49423.6837
85434.1734 16108.426
85435.4685 49125.6327
85554.298 20019.6344
85606.1494 17390.2054
85724.3868 16293.7841
85815.3437 89552.3878
85945.7199 52715.3106
86058.5168 70694.2168
86073.3053 92287.0244
86258.9991 69669.9967
86263.0307 47636.2788
86325.528 44305.3784
86631.3455 74821.6779
86791.8253 48216.0005
86891.6626 74877.7878
86911.9493 59718.067
87014.5893 21740.2426
87021.6738 39795.211
87185.1939 7659.6786
87253.6784 93131.603
87375.1817 32235.7067
87526.881 95151.0148
87594.0072 1875.8147
87602.4687 18690.4876
87626.6452 43238.9095
87656.1868 67758.484
87724.7071 65183.9301
87762.8862 4139.8005
88062.2066 71968.7538
88129.4692 77552.1232
88170.5935 25468.2291
88235.2455 17912.2013
88283.8347 46349.8312
88290.9567 64642.2073
88312.9353 95552.1902
88346.4655 84684.1776
88450.8132 94044.5025
88477.8766 54984.6062
88522.3318 14776.7464
88526.3674 98313.8361
88844.898 75539.8035
88944.5361 35256.6445
88952.0064 34161.3653
88966.0952 49446.4934
88971.1934 69507.2516
89029.3152 23917.2097
89086.1562 84282.5337
89191.5578 39826.0103
89302.2271 15752.7559
89316.6187 82489.0481
89398.2805 16298.461
89401.5954 9173.3528
89483.727 74500.1605
89554.7245 33989.5054
89766.8171 70037.7513
89769.19254995063 78190.68290227657
89770.64557218402 78192.82603275836
89770.7478434523 78190.3467341645
89771.10629188115 78191.76886979688
89771.28075587169 78193.30247547352
89771.42638414995 78190.53582261468
89771.434050434 78192.69749200737
89771.44922928285 78191.98230772521
89771.85949750897 78191.8614170647
89771.92325624141 78190.79065482812
89772.0296496669 78192.37440532306
89772.14969338418 78191.13070049675
89772.33734578788 78191.85150038931
89772.48713569996 78190.72217050196
89772.74643347584 78190.37249841765
89772.83465820813 78192.51053529375
89773.29795669422 78190.83496336712
89773.35513494055 78192.06240066451
89773.43673177855 78192.8077447196
89773.6024783268 78192.20839159001
89869.9319 67562.3222
90049.1575 66358.8862
90055.5637 29717.0794
90196.276 43365.0648
90206.7063 95126.9261
90263.192 63443.7947
90278.7604 76632.8408
90280.288 68712.2758
90314.5451 1150.0895
90329.615 28763.5258
90384.6165 82231.2469
90465.9974 64746.8421
90484.565 18690.6889
90541.0858 35602.6562
90617.3378 50948.0102
90736.8266 83670.9544
90930.9469 21874.6805
90992.7944 19491.9379
91042.3823 74907.6973
91262.5882 21504.9578
91349.549 44962.5005
91376.3986 6078.1829
91402.5112 50505.5604
91405.8607 88958.1911
91504.8471 74366.6847
91671.4612 70226.4241
91729.1149 18057.5176
91902.2193 64581.8007
91969.2529 44575.8952
92132.475 58326.4479
92178.8604 70038.866
92181.6143 16954.6875
92200.7749 30421.3825
92263.6176 18920.8608
92278.0349 83199.3824
92313.7624 14697.2866
92326.9029 37207.5369
92372.7869 50514.4569
92386.3618 40650.4551
92401.5192 97858.3588
92431.9436 54292.2908
92590.1597 57027.421
92628.6626 43131.0867
92728.2591 32634.1225
92973.7084 46330.9774
92979.0423 84820.1409
93083.1862 1739.0659
93126.2052 85381.199
93141.5021 61689.9978
93288.8731 9784.9801
93297.8486 75369.7849
93298.5271 79871.2624
93419.8452 808.6992
93421.823 3721.9114
93505.4133 43501.8631
93511.698 52108.3166
93611.4932 38229.2386
93616.7916 37890.9202
93678.1072 64245.2419
93791.3119 13442.676
93843.1026 95714.9521
93896.8884 30632.3226
93967.1593 65890.4368
94045.0494 10213.7948
94066.8958 43220.2985
94079.5412 21591.6193
94095.285 8766.9626
94111.5874 81601.9152
94145.6487 50147.5791
94225.9293 47796.6011
94242.0612 37127.1172
94264.1672 38368.7584
94317.0723 55686.0166
94385.1604 38666.905
94428.1302 59902.0505
94640.1263 11608.5646
94645.6663 43210.2789
94766.5894 66426.1849
94778.3176 61562.6756
94992.5654 79720.0083
95023.2843 69223.6468
95129.3754 15493.5517
95238.0416 44680.8505
95400.5717 24680.1789
95526.5126 98857.2362
95758.1682 90882.8773
95773.5224 75592.4648
96026.412 9079.3504
96093.8918 26700.827
96139.0197 55696.8733
96139.3526 31135.6201
96211.3163 13090.8738
96224.2498 6121.8829
96232.5372 44363.3306
96369.3118 28724.6282
96455.108 50000.8361
96483.6533 61863.5141
96489.7912 23510.7544
96612.9928 47181.8746
96669.4693 16615.9233
96711.3132 66809.9336
96885.4122 86821.142
96986.3999 2111.5542
97002.3337 27432.8243
97007.6427 35677.5021
97203.3478 50989.2467
97275.1019 11029.3625
97279.3817 91185.8424
97287.2823 13501.0415
97291.069 11277.6215
97381.0496 33246.6832
97435.101 60685.3189
97441.2919 82609.9401
97510.6931 98421.6438
97535.6417 11436.9921
97677.3269 34494.5339
97770.7319 12718.6745
97944.25197852758 95887.09283958464
97945.26162956511 95888.32989503736
97945.32942667021 95888.5996316696
97945.4634523749 95886.50528731052
97945.51642220796 95886.49964955606
97945.52462883854 95887.62017270335
97946.05456333717 95889.37175641037
97946.1866925784 95887.37089352979
97946.27471612545 95886.72550277013
97946.29079202419 95887.41037662108
97946.96198634928 95886.35719794333
97947.07213125845 95889.0397378896
97947.49028065587 95887.60279106504
97947.59679325431 95889.94636819031
97947.60617275136 95887.63245729721
97948.1026484109 95886.37367159876
97948.23296294808 95886.96997629738
97948.51839245608 95886.62742770536
97948.78165400976 95889.45266020295
97949.40127548261 95889.19023434128
98008.6183 69572.6948
98028.7999 65392.391
98048.5079 24625.3589
98182.0662 67469.6048
98207.8709 99500.0
98307.8121 87251.2057
98315.3445 44135.4919
98346.198 63357.515
98418.3149 76133.3904
98482.9842 19455.9416
98517.3363 73801.1982
98589.9835 95028.1854
98647.8621 8088.9788
98679.7563 15651.6269
98690.2411 73629.1201
98733.4243 58694.9705
98825.5242 63101.1415
98874.2444 19825.2575
98922.7632 96611.4175
98952.7424 86078.6814
99004.05769562574 85781.99700833572
99004.86503143709 85782.30800205421
99004.98471033091 85783.68605809365
99005.33536199424 85784.6461777901
99005.6016720038 85783.37533560184
99005.68298223255 85781.84970302226
99005.77556093129 85784.21784521845
99006.17604565996 85783.53905843949
99006.24098416157 85783.05017666075
99006.37127446898 85784.5607531915
99006.5216413212 85782.60964400241
99006.53831488428 85783.83182227731
99006.56097559686 85784.19925166653
99006.65143628762 85785.0674129294
99006.70521029523 85784.98884115276
99006.92243364971 85783.22202676687
99007.06537480414 85782.52843351079
99007.3722311156 85782.64154765602
99007.94746695238 85782.44404897235
99008.37118300694 85783.68553411665
99167.1127 46321.2962
99385.2011 97058.0313
99438.8399 24996.4312
99455.1328 22660.684
99494.8782 25405.6698
99495.026 82615.0819
99500.0 23827.3908
99500.0 97774.1292
99500.0 12309.7346
99500.0 72394.3457
