5.0 57.7663
5.0 20.4556
5.0 84.5518
5.0 8.6526
5.0 85.9098
5.0 54.4232
5.0 51.5473
5.0 43.2931
5.0 54.9463
5.0 86.3586
5.0 46.9488
5.1143 18.8668
5.3962 19.0478
5.9822 95.0
6.0096 44.9744
6.3401 24.2108
6.8816 52.5449
8.0741 73.844
8.163 43.6536
8.507 80.7777
8.595 23.5664
10.0827 38.3409
10.456 29.5997
11.1454 25.1245
11.9769 93.0342
13.2906 36.5286
13.4364 30.1886
13.648 31.77
13.7935 21.3045
15.4745 40.7079
16.1132 73.9251
16.5613 95.0
16.5642 6.0366
17.025 19.5345
19.0656 63.4214
20.3032 84.1543
20.6503 33.0704
20.6719 91.8611
21.8498 42.5637
22.1993 87.0732
23.1033 5.0
23.964 22.1483
24.5631 7.1266
25.9098 80.2497
27.8156 34.8332
27.8978 7.517
28.4686 25.3588
29.248 42.5644
29.6801 18.7721
30.0496 79.8786
30.5549 35.018
31.058125807927183 87.61298411799474
31.44627036295361 88.19463403130929
31.820391709579347 89.00156971544789
31.841552134382262 88.61225790482298
31.916685295891654 87.94668372666716
32.68297430917103 88.5478620673168
32.69864158146298 88.84561109522296
32.70170226718176 86.8450040041257
32.7564 14.4164
32.84639827270713 87.3609599953337
33.0253 8.2739
33.19513039409628 88.34171030925324
33.2048 35.9983
33.8339 74.2751
34.7729 5.0
35.4785 77.7382
36.1048 5.0
36.36 81.0314
36.471 89.2333
36.5333 47.7941
36.5478 24.4291
37.1513 5.0
37.2432 21.8682
37.3715 8.3054
37.6032 35.5822
37.9778 49.701
40.7686 89.8571
41.4235 29.608
42.385 31.8646
43.8169 12.6046
44.1309 15.831
44.731 5.0
44.79873543428266 33.8931132728909
45.2419 70.2942
45.9346 41.8654
46.07245939477444 34.000229576109746
46.27069736330376 32.24439549193799
46.85823755307561 32.76324661656205
47.531382444927296 33.88902792097854
47.62226342516625 30.788083253139426
47.8339 84.998
48.199511402334956 33.28191719990726
48.20219912651447 32.38889301537057
48.57652835487161 32.03630753294436
48.8411 61.1744
49.01626880515033 31.570490007416087
49.6696 21.1141
49.7768 64.364
50.9475 16.8208
51.0355 95.0
51.4738 44.6608
52.6718 66.0844
54.209 26.523
54.4305 5.0
54.6358 79.6143
54.8726 64.235
57.0975 30.2518
57.1179 95.0
57.2619 41.1384
58.0919 47.2828
58.2911 77.026
58.3113 34.8828
58.35 93.9299
58.82 88.7899
58.85 60.5004
58.9374 91.4734
59.1222 77.5013
59.9929 26.5819
59.9993 95.0
60.3984 74.8576
60.4603 30.9231
62.4754 15.9681
62.8788 57.9838
63.2906 52.7179
63.3716 88.8929
63.5356 81.1902
63.8878 49.3415
63.9795 95.0
64.1465 95.0
64.26807517924313 20.17162933294733
65.2271 24.1859
65.6211 47.2779
66.67721682976253 20.393243205053064
66.87133656151559 20.325819195228085
66.8913 37.1405
67.3641969206735 21.265788735890677
67.41968867641349 20.57109760046697
67.9183 60.1341
67.97788979440423 21.079522814700496
68.11495314007036 22.047087310024956
68.3528094776228 20.727239318885932
68.50233533491512 21.51332388703987
69.61566129097797 20.96294608708509
69.9844 77.9515
70.7526 80.5695
71.0049 70.1553
71.3959 26.5113
71.4318 83.0438
72.6789 61.5814
73.1184 95.0
75.5864 95.0
76.0532 14.2876
76.5908 51.8418
76.7331 95.0
76.9933 75.9099
77.0329 18.1481
77.0854 48.4931
77.7134 17.7509
79.5087 35.2095
80.0476 5.0
81.1216 44.5792
81.1944 19.2279
81.3171 26.4238
81.3732 54.6456
81.4642 81.0286
81.666 56.6082
82.4811 9.4203
82.5706 65.9417
83.67903523758872 89.43991019012815
83.78115176836212 86.34536406076414
84.18368155044786 86.80002418772321
84.3555 34.6028
84.58341663672583 88.3490422465781
84.6133 57.5375
85.40545093592782 86.83182337762965
85.48653148733605 89.92670309255936
85.71226048214962 87.84397329881365
85.95436840616217 87.16193014073916
85.9707 11.1111
86.20279535500676 86.82906090845916
86.41856843826467 85.6360435403074
87.0483 92.275
87.9937 27.4086
89.2984 95.0
89.3763 73.0591
91.0097 74.9185
91.3218 43.3388
92.1471 95.0
92.5652 95.0
92.6683 91.2627
93.8553 25.8186
94.354 11.1692
95.0 80.1402
95.0 10.749
95.0 78.901
95.0 18.8415
95.0 56.0915
95.0 39.8945
95.0 63.1766
