50.0 26874.1398
50.0 4214.4458
117.3553 19624.2906
198.4401 89656.3374
208.1247 68479.8685
252.0601 52039.3644
311.8154 70083.5222
382.9574 44667.0315
395.7934 17413.7928
466.647 91133.9779
466.9868 80172.0503
484.3757 45927.1609
580.8744 83780.5702
597.0365 73329.5602
702.6377 80754.6146
713.3277 9136.8388
735.4008 81664.2105
763.7046 18823.6708
831.3972 23086.3393
845.3593 90357.0433
965.5945 69422.0711
1002.2483 73329.8171
1003.305 24458.2585
1025.2471 52173.0377
1027.217 41759.7314
1104.7536 38275.9913
1124.2812 75389.7041
1172.7126 98896.5677
1224.3931 64250.3182
1244.2019 99295.2896
1262.3392 15903.8198
1314.7033 50059.7091
1341.6862 44803.4112
1395.8438 20714.7661
1463.2869 22127.1132
1477.5141 93267.3088
1483.1682 26424.1872
1488.0802 80403.4653
1493.1064 24751.0143
1516.2685 19412.6477
1522.738 95846.0535
1537.3409 17614.0751
1541.4479 84334.988
1570.0777 64624.2642
1634.0158 34827.6312
1657.0728 43048.0404
1720.6902 84993.4985
1728.7675 6134.0488
1753.8988 35904.8945
1764.2086 91242.4151
1826.7074 19551.9182
1852.7607 30926.0845
1856.8359 30765.5668
1883.1114 83233.2012
1966.1597 40736.7788
2060.9013 55234.5447
2095.9454 31441.4637
2103.5377 91360.0243
2231.1905 57608.1873
2234.6799 63744.0609
2295.9189 99188.1744
2337.1218 89886.0811
2366.9201 68454.4022
2472.3193 23675.6244
2488.0267 90855.3585
2502.7105 677.7713
2513.7159 90536.5154
2520.7975 29066.9896
2530.2208 62917.9803
2590.4509 41485.1362
2597.1234 46513.8447
2617.2129 99492.1995
2725.9767 86102.9576
2735.7128 38634.495
2745.8674 22298.7691
2757.8716 38873.4153
2783.8384 46688.8132
2848.2833 26147.415
2879.8304 4681.3155
3000.9796 33141.8608
3065.393 78539.6653
3099.8914 45709.9164
3101.436 37133.7192
3294.1638 1656.2047
3294.2483 37192.3258
3296.149 54053.4391
3317.5556 98408.1371
3334.8015 91063.4714
3343.1514 9700.8966
3348.5534 12878.1716
3375.4536 72239.7847
3398.879 63398.9952
3484.2559 19195.7036
3560.9891 37347.7765
3570.4862 59715.7938
3579.852 62605.3833
3618.2934 19551.3335
3619.141 28618.0621
3636.1867 53950.9939
3645.038 39864.5635
3717.3235 84596.858
3745.0665 51121.2319
3756.4622 42374.7763
3789.0577 3080.7438
3834.5065 49451.8603
3855.9144 8210.2583
3863.105 89578.3799
3867.398 41855.4318
3877.281 87415.2675
3884.9929 3708.3847
3898.6167 35318.4334
3910.3582 81730.8431
3943.6756 98960.3872
3952.4495 89083.659
3958.5127 5824.8222
3971.3354 85477.3711
3988.1777 29065.284
3989.733 29993.2542
3993.6205 88948.4944
3998.236 19102.5955
4005.9916 64655.3508
4075.0131 81368.7962
4075.5506 16007.6244
4082.0142 16484.7481
4092.6386 16202.9785
4100.5211 33391.7596
4117.2818 67339.7618
4132.1173 81578.0914
4180.267 82260.7137
4185.7422 49728.118
4293.6351 55215.3472
4337.2318 8432.1604
4393.3941 12847.8206
4411.009 64126.3041
4419.089 31440.4367
4440.5351 71783.3876
4462.8573 55670.6984
4474.1206 40315.1862
4484.7494 90228.645
4494.3981 49574.2942
4542.6127 29439.9948
4586.1569 78043.8809
4588.6898 69852.1973
4601.5301 5269.0171
4605.8339 86138.9282
4630.6863 26075.7315
4691.3881 96243.4926
4726.6892 24944.2976
4759.796 58681.0624
4762.7133 31018.8645
4775.8101 73278.1801
4791.1354 52144.1345
4817.1363 17913.8087
4863.1037 58326.7297
4998.3324 29118.6868
5012.6119 9652.9508
5032.8334 1689.8422
5039.9534 14577.2129
5078.9205 52916.4451
5086.4296 1697.9868
5095.5719 68003.3375
5238.4004 48106.0029
5245.1759 12277.0159
5246.8605 81104.4414
5263.7648 15817.0089
5329.9338 68502.4453
5330.705 27761.0935
5347.39 75956.4759
5428.8566 55129.8327
5433.0935 23560.5563
5449.7425 38747.7129
5471.8932 7070.2406
5482.0745 47842.2649
5554.6677 28473.8898
5633.9643 63824.5559
5657.2195 45835.6249
5660.352 48212.276
5666.5395 24418.4065
5732.5072 34408.0867
5737.8381 62143.2506
5754.4063 80438.7937
5757.307 77032.0696
5855.6665 68085.8665
5945.6621 20473.7081
5956.6858 99500.0
5965.2446 67459.5764
5965.392 50786.4171
5976.8526 29590.2418
5981.6849 36296.7973
6024.7634 32136.1481
6031.9617 30325.4205
6044.2306 17372.155
6045.8679 87711.0288
6076.075 60587.4791
6135.8187 8510.092
6158.7209 80896.3616
6216.0192 97058.1783
6220.5612 21510.6678
6245.6761 93490.0316
6407.7848 47577.0893
6438.7218 42631.0132
6461.3546 77993.188
6468.0345 91266.7399
6551.4829 26879.1671
6596.816 82220.9148
6604.0658 20690.3184
6681.912 39485.5747
6698.228498857913 89374.67041720105
6699.5056575010585 89374.44771988255
6699.6082301271645 89374.04891592027
6699.908266422028 89373.97565766927
6700.440086245989 89373.70452313071
6700.513741446532 89372.12873034694
6700.721728034152 89372.38980138548
6700.737386055376 89372.93113925908
6700.938072369817 89374.02089212617
6701.056513040412 89373.7750672908
6734.3954 17211.0072
6764.5234 31477.4198
6795.8152 52800.1745
6796.7872 3909.6406
6826.1252 87322.0071
6831.4784 60602.652
6875.0689 58836.8599
6912.971 80643.6668
6929.6784 68843.7817
6955.1097 31275.9073
6997.0752 15881.2783
7005.8134 50685.2498
7024.0196 12110.3713
7032.4867 94101.086
7048.1841 2456.7996
7052.9219 80587.8262
7062.6693 19781.5505
7088.0812 81154.6968
7122.8425 94996.6698
7137.106 77693.1702
7212.3582 77592.5266
7222.1379 65971.5834
7272.9635 22148.8773
7285.6665 74259.0689
7300.0555 31104.4333
7365.9833 34786.9002
7428.1627 27499.6118
7442.7221 9136.3815
7482.1932 47892.7055
7549.362 99462.0544
7553.9146 43894.4793
7556.9351 81883.7191
7557.6676 24414.5768
7584.2542 65113.953
7598.5483 54038.2045
7616.7735 25313.7207
7651.18825608668 82692.24989781898
7651.613654920417 82690.91750136536
7652.08831676566 82692.37406747263
7652.142607258992 82692.6703864258
7652.529258007199 82689.99564625544
7652.680481786647 82691.69122122857
7653.015779295705 82692.76796173277
7653.270041948605 82693.64161178129
7653.830698661927 82691.82295000307
7654.265891279339 82692.82600911941
7666.3512 34369.3671
7718.0482 71010.5409
7732.232 16891.3755
7794.4797 90325.587
7815.885 22572.3702
7873.6638 49263.492
7879.7062 31065.0006
7880.2614 40423.1915
7900.7576 31818.8028
7902.1589 35741.7003
7931.8935 30792.2945
7942.4915 46337.0834
7978.9557 13127.8455
7985.2883 32971.9574
7999.5174 28401.9192
8099.2564 19233.1027
8118.6263 50096.1759
8195.9437 40256.1357
8338.7795 90929.8226
8346.9415 31599.8149
8406.6824 85907.4107
8425.3282 92156.3558
8537.9175 74242.8708
8594.5407 27944.8996
8660.4751 37766.144
8705.7568 72268.6894
8730.9081 99500.0
8766.6037 23053.6089
8843.2635 60092.7291
8847.6748 57140.6166
8894.3069 78437.6328
8898.5948 86092.0875
8936.446064339663 24875.521257175493
8937.048374518361 24876.462611023933
8937.39460563277 24875.4597013824
8937.431129065964 24874.066381590976
8937.503904640009 24875.542254127653
8938.014615099632 24876.64849822891
8938.982759513468 24875.25286856743
8939.008822637363 24874.605605159584
8939.417252823294 24876.800912143004
8939.581282329402 24876.74852762748
8956.6616 69456.308
8985.1182 72177.1037
9044.7141 4241.7703
9085.9613 75421.3776
9122.1788 53794.4812
9134.9736 77330.463
9176.9539 9115.3326
9217.4544 66696.2466
9228.1224 71315.9926
9229.4061 80324.1009
9367.0778 73681.9605
9476.8685 93392.44
9480.0494 94302.0295
9542.4741 51543.3518
9547.4329 13214.2182
9561.7256 33112.3114
9595.8368 22429.133
9632.0115 32808.4205
9637.1246 19312.3466
9697.5311 39023.872
9703.272 73716.8845
9710.3265 89630.0936
9714.4581 49261.0266
9776.3341 85435.0337
9820.8243 86785.3655
9837.131 87118.0199
9844.4972 96782.1125
9852.0224 82135.4282
9886.4351 40564.9603
9900.2962 10013.5544
9917.6858 7900.8425
9948.7971 57752.5664
9964.4727 44245.734
10057.4015 40724.7107
10062.7877 75248.8447
10071.9115 60390.9501
10124.038 86889.0628
10146.605 21206.9869
10174.3344 82671.6954
10209.3584 13874.5101
10239.7665 88782.6368
10281.7274 6509.1515
10307.8549 30706.7474
10345.0355 21944.36
10349.7037 10135.5016
10357.885 75916.2874
10380.6594 4392.1252
10382.9342 17000.6696
10383.636 38707.6863
10385.9995 58726.5437
10402.0266 42734.7333
10429.642 55263.8711
10443.6132 99204.1522
10480.6687 9651.2952
10484.4769 15121.1356
10560.7683 85920.884
10575.4957 53963.614
10635.3868 26834.9139
10645.9168 18319.0443
10675.7625 86128.7486
10696.5372 46450.3256
10744.9597 86598.2312
10789.3675 21884.1229
10813.235 54110.1232
10824.1252 95120.0716
10854.2631 8503.8585
10894.8926 27674.0315
10901.2008 11614.6156
10902.2166 20219.2795
11007.3559 12322.4312
11017.4895 14937.858
11055.1711 94666.991
11057.6568 1814.9024
11152.0623 82293.3719
11174.9409 26952.2282
11179.46 97013.5879
11197.2289 55224.9507
11199.8064 46929.5648
11224.7293 42066.8234
11284.5522 19916.2632
11288.3502 38716.3933
11323.8641 57117.7434
11370.4201 78497.4289
11371.2556 39245.8176
11397.8538 54637.0193
11425.7849 18638.1784
11435.6965 1601.4572
11451.1526 54268.7541
11451.3717 78585.5949
11521.1572 40676.9317
11544.2177 60676.9326
11567.0145 2229.8484
11632.0319 26153.8405
11632.4274 64931.1215
11720.4247 15538.4484
11727.2546 82169.4953
11763.6792 21579.0355
11777.2313 78581.4756
11802.8193 69838.2102
11821.0762 31384.1921
11827.2323 29513.7256
11862.4983 92663.5208
11874.8223 74786.3851
11950.538 26437.5009
11951.0835 97313.6668
11968.5815 22517.8053
11973.1275 41360.7234
12087.8752 91768.7008
12106.5778 71281.8923
12213.0867 6400.8351
12282.4862 49383.0888
12307.0525 40531.0112
12310.8236 88034.823
12338.0438 45318.8628
12348.3511 74115.847
12385.0791 77798.9782
12411.8647 76017.1112
12474.5731 20921.967
12519.5727 77731.3967
12562.7456 67973.5731
12616.9893 76693.8066
12642.5809 37999.6488
12643.5041 39203.2358
12723.0763 42350.5107
12749.448 82656.5634
12761.7545 60359.0393
12775.8838 76704.6234
12844.8446 78738.0991
12884.778 3393.0042
12911.7265 37997.0319
12945.1409 5062.2166
12951.4742 73970.5808
12965.9924 57510.0372
12985.4096 55342.496
12990.4037 98122.5428
12996.9288 64669.9556
13073.8484 54119.9085
13100.8715 15851.4894
13109.3739 22462.373
13131.6574 31983.4202
13220.3247 65282.2619
13222.2623 59450.0379
13223.8247 34734.2497
13287.87 42306.3046
13381.5136 16656.3104
13400.5389 4966.298
13459.0826 77254.8401
13509.9107 69970.7532
13520.6691 36342.0914
13533.4802 50112.5319
13542.5388 38215.8057
13581.2961 45927.3705
13627.4532 60100.1843
13729.2724 17340.0514
13729.5605 46664.8819
13735.7141 12939.908
13777.6457 33228.6817
13805.0996 80313.7895
13816.699 11366.4212
13919.954 96722.8229
13925.1585 14161.2422
13926.0418 54782.4204
13926.9032 76403.6803
13963.2167 54646.8688
13964.1604 57800.6746
13973.9006 18755.4302
13991.8289 78232.746
13993.7647 8321.1711
14048.9402 17892.3638
14096.7324 21874.5494
14100.0782 55177.8942
14143.5573 84758.2919
14177.6081 62654.3471
14201.9039 10664.542
14209.1491 50662.5675
14214.9316 86141.8842
14262.2659 31556.0854
14293.2906 74834.1034
14300.0706 19569.1969
14405.4607 70649.3969
14464.5409 17051.0659
14483.6731 30565.0084
14518.8942 17788.2336
14568.106 5222.702
14578.5386 62297.2908
14613.4622 83887.5421
14615.1199 55665.9847
14616.4443 94229.5465
14762.293 35631.9337
14800.889 70453.1861
14844.2652 18972.1048
14869.4244 86075.1065
14881.7089 96119.7548
14892.6054 57017.1219
14904.845 57860.2336
15067.675 51378.1436
15104.7494 60743.578
15106.7441 64191.0661
15118.4443 5330.282
15119.7402 92434.2908
15154.2971 35682.0006
15188.8981 28066.2209
15248.3603 71347.4734
15308.5022 34393.5142
15317.5143 50734.1034
15361.4709 76449.8391
15381.7255 68987.072
15383.1889 19178.6823
15391.167 21807.1118
15455.8631 73065.0261
15505.5048 96010.384
15535.6411 91511.2888
15583.4119 66006.7781
15593.295 4509.6
15614.2045 1672.7412
15622.8913 71536.5266
15638.6789 53416.1288
15656.0569 98313.2793
15697.75 38916.7448
15840.7344 811.0481
15848.4473 12061.4505
15932.5406 32664.5916
15952.2986 26367.8063
16024.4051 87506.7112
16031.5938 99500.0
16085.2128 1406.9842
16175.0716 71876.6076
16229.0076 34897.1871
16239.8642 74081.5636
16243.4052 97679.5525
16263.3836 22410.7288
16272.9525 64204.544
16277.0639 95024.3343
16278.7322 55144.0799
16291.0009 13349.1554
16315.1357 48745.1973
16323.6525 50824.1705
16366.7988 81749.135
16425.4811 94686.8367
16497.5768 56463.2736
16554.3892 9064.9081
16567.2673 47718.6988
16636.044 72293.0383
16640.9174 2508.4069
16656.1851 14486.9546
16656.409 94816.5969
16733.1766 26071.6796
16736.1952 76367.4673
16751.27 23006.3379
16827.2877 89879.9492
16838.8571 64478.1584
16855.9312 80799.7321
16926.8282 62425.2116
16973.7212 52271.6116
16994.8817 78364.1208
17014.7267 18601.6266
17059.1136 94899.0688
17193.2178 10518.9174
17222.4925 23017.9618
17272.8191 74237.0206
17317.1315 18299.628
17445.5419 75751.2078
17506.191 11821.5926
17526.5152 59626.1223
17554.1048 88608.2494
17564.2693 65827.9121
17599.7775 63028.8157
17605.6557 52163.2185
17633.4109 20832.8876
17635.8506 49314.9756
17648.8942 51267.1749
17760.4798 53822.0512
17770.5177 22639.7904
17786.6294 61340.0535
17789.4108 86408.7235
17804.6378 72170.9339
17812.3945 36213.9958
17822.1701 98146.5513
17832.9466 70056.3159
17898.4307 31206.738
17904.833 13732.5559
17930.1641 12596.6348
17976.6401 65555.3355
17989.0945 80822.6766
18081.8878 45557.8432
18110.8184 56171.703
18180.8785 88733.5836
18186.9481 56399.5362
18220.6188 92714.8974
18253.1878 4745.8744
18282.346 89496.0098
18300.9975 48011.687
18485.0835 60711.533
18492.5857 61740.0289
18520.9682 99486.9812
18546.3032 61289.978
18558.3187 87212.0952
18656.888 27619.6862
18686.8304 32443.083
18690.5367 16084.5446
18728.9505 32984.5728
18732.567 86587.0953
18791.6655 10383.8477
18813.4382 50745.6813
18918.2423 73826.6255
18926.5097 39818.6033
19011.9155 23988.8145
19012.405 74373.0093
19148.3863 40172.1321
19162.1026 50307.0832
19178.8602 67298.4002
19235.9989 74048.417
19258.5237 31113.9611
19263.6825 85211.4893
19265.8436 95366.2858
19387.2712 60810.2853
19445.2227 5435.3755
19500.5531 85706.0095
19576.0238 34507.0564
19633.5411 32746.9637
19638.0541 53303.9506
19657.3925 41564.0289
19701.7308 89444.6434
19747.7186 77332.2662
19779.967 79998.3628
19815.9698 21200.2199
19864.3754 27149.0773
19940.9985 92896.1584
19959.3343 41616.6818
19978.8223 84528.7147
19990.0581 39544.6303
20061.5809 36475.6924
20064.6822 91508.3122
20076.878 49122.6745
20104.1465 7189.1444
20164.0524 37925.7787
20190.1698 93623.4898
20275.7497 13820.8041
20283.5047 8016.5693
20291.3694 74873.7594
20381.9789 24885.6459
20412.6153 86436.7291
20456.9758 8530.9637
20461.8081 32522.3222
20518.3646 62657.7746
20543.1759 25438.1643
20543.4121 47235.366
20559.315 9785.9588
20564.7426 28017.5967
20584.8779 57227.2538
20595.0287 21390.3967
20649.4412 38794.2472
20669.1961 64281.6275
20788.4501 60291.4197
20789.1416 77843.7978
20836.8669 72021.4572
20876.8001 14100.0372
20891.5504 60015.8199
21121.7565 56115.0529
21156.2898 16498.3341
21197.8287 71500.3896
21271.7273 25640.9537
21341.8667 48910.9308
21361.3952 74262.2371
21429.3316 68345.5694
21453.6271 65207.234
21470.21 95683.9048
21506.2144 44682.6262
21538.8316 38278.6043
21545.929 47385.6337
21576.9056 91025.0702
21587.6637 94316.864
21680.714 36525.7197
21721.7487 26077.2088
21769.1039 81462.1401
21785.3201 6120.9091
21866.4515 93320.0335
21931.8188 86876.1841
21954.5018 79640.902
21966.8189 40987.1537
21993.4589 31368.4547
22095.7029 26372.9676
22104.113 20113.463
22177.8083 77721.9679
22180.776 79028.0741
22224.8658 36736.7142
22245.5784 3249.6265
22286.6054 30984.9781
22302.163 4442.2142
22329.1079 52316.3341
22342.9574 63839.9933
22384.6033 32925.1332
22389.2157 43799.117
22429.7433 97082.5693
22534.2147 66590.1867
22538.7885 47177.974
22556.7894 15595.4417
22601.2766 6968.3134
22612.0692 60489.575
22673.6338 77895.9683
22734.8187 53836.4187
22746.4918 5092.2926
22891.0514 10206.091
22894.3665 35864.8523
22897.056 97548.0216
22913.2856 58776.7762
23001.5959 80540.5873
23031.91176890326 25225.976070828154
23032.7372835316 25225.29009307596
23032.78589410962 25224.874452909196
23034.0484438836 25226.452704424166
23034.07080472814 25225.52347331972
23034.495798587013 25226.401595999094
23034.563118160775 25225.1594615388
23034.686246755835 25227.211020896128
23035.326240083337 25227.261102920773
23035.973520797805 25226.245885070846
23074.7521 36517.5201
23114.1523 29924.2439
23142.9863 56213.1892
23211.4419 23408.0743
23214.8786 75717.7974
23233.2122 36098.7445
23240.8134 3365.843
23297.1975 45476.8011
23333.4422 20082.79
23337.1158 22440.3984
23340.2614 24191.4229
23355.3372 23045.6397
23363.597 73774.0232
23382.6439 37134.1799
23433.4372 7646.9655
23434.5584 16759.3386
23445.0392 3288.0609
23448.2501 10203.4144
23503.4352 72181.1278
23513.0322 7513.2803
23537.0591 53660.3172
23549.7824 47630.5503
23659.0639 23318.4932
23661.5391 71542.1492
23834.1253 23744.4776
23838.5823 12923.0048
23964.6307 95466.9921
23988.6623 28367.5789
23998.3604 16483.7885
24008.6504 22370.8798
24055.9039 39905.2484
24057.6074 14133.6949
24064.9495 68259.3601
24070.6234 90950.9242
24096.2172 44678.5874
24096.8226 22612.8357
24117.37308110148 10491.816526189363
24117.581359488428 10489.606572503488
24117.89184867247 10490.37112978577
24117.933959308248 10490.910484284164
24117.974185443698 10491.373568434947
24118.11721518282 10491.811196478388
24118.168330346747 10491.449523543222
24118.20805504053 10490.636378503483
24118.5116003162 10493.272793391136
24119.151190892302 10492.512270981091
24193.8227 3265.1002
24215.5661 57498.7688
24259.7202 4677.2086
24260.7094 53910.3298
24290.2212 6011.3548
24305.0318 32714.6497
24311.399 91167.2884
24320.2368 38060.146
24336.1553 35103.3849
24365.2819 61662.9246
24367.6716 36990.1104
24437.9993 55581.957
24516.4459 46127.6254
24546.7233 84353.119
24575.1103 9642.2963
24593.5098 64149.9968
24624.137 61719.5436
24695.356 49001.8127
24698.2785 14624.1484
24704.7784 44989.1321
24722.4721 35631.5135
24972.2639 67553.9668
25019.6589 2570.8116
25028.1307 29348.7256
25064.8264 95715.5697
25076.788 37388.6573
25105.7405 25926.4665
25138.7278 99500.0
25156.1248 73114.2507
25209.1106 12770.6027
25210.5961 63097.5272
25325.8867 20045.2526
25326.9929 38007.6526
25367.0004 96129.3956
25507.0481 95613.4198
25562.9443 18385.5749
25572.4126 78711.3433
25591.6215 8267.5057
25651.2646 99500.0
25715.7133 18898.9826
25734.2706 6847.2436
25960.8672 75967.9931
25972.3634 3242.7654
26023.2016 46708.5191
26046.9568 50049.6814
26189.0473 82889.792
26233.8357 81857.7541
26246.918209437415 92053.01746934679
26247.75596598405 92051.7433304447
26247.792387545505 92053.45231386535
26248.93415450309 92051.3434166953
26249.11310835963 92053.1844348148
26249.253028951956 92051.60861344235
26249.26830327139 92052.06237333175
26249.319279296375 92052.08799346874
26250.07285202729 92053.7024800688
26250.18183807199 92051.88604348646
26321.5969 64657.6413
26321.6271 95373.2958
26332.9484 1147.8934
26333.1069 28548.1198
26379.6182 43346.1934
26477.7319 47269.69
26499.0817 73618.0064
26516.5641 23990.5111
26655.4732 15766.2169
26779.2185 43160.0363
26792.0232 63843.2539
26851.2559 68235.1252
26908.838 26086.2814
26909.96445951261 51977.192774924006
26910.59883396945 51976.083183688614
26910.870604834457 51976.853117077815
26911.384895698666 51977.19249408767
26911.550525020462 51977.508232830805
26912.161280727007 51976.82524549669
26912.818533120197 51976.947285486385
26912.83852590615 51975.815128265065
26912.99200752977 51976.76123958074
26914.746406453964 51977.53149617405
26930.4121 38141.7195
26971.5829 23297.3615
27002.3174 19161.707
27031.2034 36420.6921
27061.632 67117.7373
27066.0386 11674.63
27110.441 70796.4474
27125.9857 92691.3724
27167.9726 6993.2075
27187.1531 96508.506
27268.8655 63521.5679
27291.5476 69304.1587
27350.6755 65863.4197
27355.8599 35701.7819
27394.6243 49571.5635
27528.6576 37693.3804
27542.7469 17297.552
27564.5608 91977.2142
27566.7415 55628.9707
27623.9361 22433.9693
27647.798 50118.0487
27682.3907 26119.7104
27728.1436 41418.7308
27780.9224 28272.2322
27843.0189 52561.2196
27844.8546 96278.8892
27858.8922 90594.9788
27868.1232 81254.0431
27875.5345 66226.6597
27907.8746 8507.654
27910.6828 61743.6716
27932.091 86503.8957
27940.4678 28055.9121
27943.6229 26720.0306
28001.9839 74698.1352
28041.4934 42648.6759
28075.2742 98301.9939
28096.3691 32753.4051
28135.3265 39282.4363
28139.36 9538.1647
28164.6193 58820.9073
28223.5177 79446.6375
28224.4384 67227.1064
28228.9863 82683.6917
28302.3546 89552.2028
28322.9187 63562.8691
28352.3672 4159.416
28372.1184 33108.2338
28393.5247 9699.3664
28426.0873 53243.1887
28469.1881 30258.6863
28485.1439 96295.912
28488.3271 97042.5131
28488.6591 26934.3647
28533.3161 15738.7155
28593.0028 58361.9471
28651.0484 31572.2518
28690.0626 38281.9685
28690.6014 90254.5545
28709.3817 22742.4225
28718.9643 15901.1159
28745.7321 56377.0485
28804.5831 61884.5058
28853.1257 92357.4561
28894.9267 1821.772
29042.8699 59406.661
29072.2831 57919.4741
29091.3015 3019.467
29180.3246 61367.0097
29187.0686 33559.5892
29212.329 14175.6485
29222.3185 24187.125
29305.2851 86521.2037
29410.608 96579.6406
29415.9303 61131.1084
29421.0287 73625.0609
29452.9273 44539.374
29470.2095 80186.0979
29479.4638 15509.6014
29538.9905 11816.5458
29578.0216 80714.2337
29623.0763 42871.081
29706.6821 27738.6585
29757.1457 3276.1692
29770.418 28827.6183
29777.9374 27651.3088
29778.1173 68108.4798
29780.6981 99252.4192
29790.6812 89217.0804
29821.9479 29990.9919
29824.5622 25795.0148
29865.9924 99310.9276
29887.3974 88707.8622
29893.9631 82836.0067
29901.8063 8716.5002
29911.6335 21690.417
29931.1024 91017.718
30082.1528 73404.0799
30141.0976 18251.3987
30147.8909 63889.8575
30184.3915 14444.6899
30191.6173 88479.5019
30215.8061 40707.0799
30254.9671 88080.8217
30333.1403 44045.7327
30362.2964 3936.4023
30363.7841 42846.1151
30394.9302 3795.7341
30397.3778 37532.4918
30470.7568 14886.0421
30489.6444 76490.3622
30519.542 45327.5994
30576.606 94511.3006
30657.1727 19923.0186
30674.0288 81537.2217
30674.2278 93918.9122
30707.7125 51473.3478
30734.5301 44090.3656
30742.4324 2782.8995
30747.099 39573.9065
30821.849 78644.5702
30830.1749 8468.2158
30894.0209 50552.6774
30901.4946 96988.1112
30944.1593 30197.0114
30946.9882 1634.4455
30966.748 31504.3636
31025.3011 4052.3902
31103.8637 73966.2943
31107.6494 53138.8534
31139.0259 57183.9853
31159.7944 21132.1226
31196.8225 50552.2386
31255.4284 9011.0155
31306.4201 72209.0948
31308.2307 30938.9754
31336.0552 49832.9636
31456.6425 4321.573
31481.0069 45742.8256
31509.6651 41890.2475
31524.9697 25515.0092
31554.5842 59233.3377
31555.7493 7053.4816
31559.0975 40600.6839
31589.0157 81543.1359
31607.363 44520.0882
31614.1389 51492.7687
31682.0716 10044.9624
31701.8556 30682.568
31776.6987 97966.5407
31795.7671 81963.9797
31826.2145 80058.1977
31854.2374 39639.162
31912.604 86006.958
31949.1271 67212.632
31986.1216 34165.2071
32058.0539 53976.9334
32074.2164 55168.2436
32156.444 65606.9228
32169.3153 10148.0825
32234.5885 12984.8031
32299.3423 85990.0439
32329.6961 6527.8917
32359.5557 81472.0803
32504.4751 68644.9399
32563.8583 66418.7444
32597.4126 59350.2133
32609.9492 38727.2054
32648.3107 74481.0896
32667.0103 36181.86
32678.6817 52636.9105
32709.1091 9872.247
32731.7857 44761.6676
32745.3585 99500.0
32828.1861 43023.7031
32928.0617 77553.2001
32937.0282 47333.5646
32952.5458 41604.2283
32977.9199 95220.7165
32978.8405 45494.1969
33069.8868 78941.335
33096.5085 5171.4887
33099.6601 54464.0637
33119.8776 86043.3461
33219.3762 98931.4139
33242.2503 50815.5825
33260.9858 59941.6594
33278.5543 7301.4415
33287.8137 46479.105
33335.3949 59605.6279
33378.1095 27503.7401
33424.4924 99185.5098
33495.5141 98492.1138
33548.2564 2394.9909
33552.9467 50643.1524
33586.5228 25364.9972
33693.7129 20343.0709
33696.4309 75188.5075
33835.7363 79204.1727
33839.9522 6578.4823
33843.9416 45742.9016
33854.8735 27212.7792
33858.5629 74578.2374
33869.4221 24385.5379
33908.0399 65857.4776
33915.7435 75123.0679
33918.5403 15344.5686
33950.2244 1662.6065
33982.0445 11525.9579
33985.6933 10804.2311
33986.4984 88197.294
33995.2842 80670.0778
34016.5171 30941.4233
34019.3502 5469.8403
34067.4272 23221.5487
34073.2943 69901.3933
34129.8145 97176.6635
34149.2528 11772.666
34169.1527 82913.7188
34171.143 88931.8235
34173.8221 15469.4255
34237.58 15072.3505
34245.3989 61.6968
34275.2897 19923.6403
34297.8245 28979.7566
34371.4217 85491.1752
34372.1821 6259.2504
34401.0695 63960.3352
34460.4221 85041.0234
34463.5953 17012.5979
34482.2014 88707.9516
34494.1681 74240.5418
34503.1989 76260.7046
34505.4751 23298.9566
34507.1662 4729.1413
34528.0925 83323.06
34570.5471 87295.3667
34583.407 30361.2554
34672.7338 98043.9718
34676.5773 45050.3664
34687.2446 80488.5139
34717.3117 95245.3341
34727.1202 93256.5305
34735.555 48916.4265
34815.7107 31389.4824
34858.791 89789.8969
34883.2638 34146.5558
34920.7014 63037.1962
34925.5252 54854.0366
34946.2895 46618.5106
34955.4311 89075.9304
34975.6008 7275.9963
34991.1023 74158.7181
34991.2686 28795.7407
35031.3468 76986.8121
35084.1879 17537.8032
35099.3512 99208.2433
35215.3805 51738.7646
35262.8979 45046.4414
35268.2241 84198.2267
35268.9225 58884.3942
35331.571 49661.9874
35405.4524 8123.285
35442.8589 63120.9611
35448.6093 54950.4295
35455.8657 95567.2059
35476.9209 90421.6639
35495.836 10812.5825
35521.4816 86196.7719
35568.2824 91197.8305
35590.2904 34957.2668
35605.3794 13559.9514
35634.2564 22042.3641
35640.7417 1839.9947
35680.19 77099.9842
35708.1864 59278.6702
35720.7487 24383.5756
35832.1114 88648.104
35844.3394 46719.6254
35866.6613 50009.4377
35876.9699 890.8334
35917.6398 49265.6604
35929.0483 89997.9012
35968.8973 72836.6877
36013.73093931714 1537.2030568589655
36013.7751312359 1537.2054586019644
36013.88476954227 1538.6700855409945
36014.661649990696 1538.6165453813699
36014.68112540103 1538.038245674842
36015.057648478 1537.0484983942504
36016.034006973765 1538.3571350919758
36016.61295339618 1538.2027076821757
36016.89100340272 1539.0422679740127
36016.954621769226 1539.076216126547
36054.4671 38820.1909
36064.3002 75083.7887
36072.8835 22308.0942
36074.0465 80027.0428
36086.7534 95420.1108
36136.9178 6221.621
36188.8107 81252.3104
36218.7729 78300.8566
36229.3188 18036.9633
36238.1951 90348.3988
36245.9373 84391.719
36269.5032 44833.6
36282.7986 86663.2089
36319.7217 32074.2281
36325.9138 62278.9825
36348.4307 15689.8224
36375.7052 26235.6003
36383.7357 86921.4536
36398.19 23976.7511
36398.961 40078.5913
36509.0425 88990.0493
36524.5085 6154.81
36550.5536 33915.7523
36577.1904 1392.2212
36680.9773 20308.8191
36715.0188 45102.5649
36805.4553 32724.0406
36882.7909 96141.6909
36939.6792 35280.5021
37050.8947 43315.851
37095.652 32862.4358
37105.8733 72461.5731
37119.0589 59088.032
37237.4344 66237.8713
37334.1249 94774.936
37357.5359 85213.7431
37359.9647 12632.718
37384.6216 46813.8744
37410.369 95738.538
37416.251 68674.9875
37471.8046 71597.3528
37505.1809 64932.1113
37590.8582 11677.3302
37606.2158 99500.0
37630.85376489163 1830.3790888885565
37631.28584339784 1828.700646875222
37631.40305361866 1828.3217853206784
37631.494722454925 1828.6243071460328
37631.68942814862 1829.715909527838
37632.11903878539 1827.1166098796161
37632.183154420214 1829.8228942348346
37632.84931193847 1830.0599841473984
37633.49457853479 1829.3609247064333
37633.79762113845 1829.5568154162136
37682.615 78282.6478
37786.3272 62544.3658
37805.6341 80671.7414
37846.5241 71921.6935
37851.9614 81417.4519
37857.3262 34671.2001
37871.5311 13848.2944
37905.2521 19803.3594
37935.9239 73215.4934
38127.3679 91536.2437
38130.7188 56458.3254
38184.4139 75739.8617
38235.6263 34447.9145
38253.8652 91971.7378
38260.4843 28953.9646
38267.2189 19320.0812
38342.2669 65637.8243
38349.7303 91417.9075
38356.4012 27850.0024
38457.008 82658.6111
38463.4099 10670.0186
38482.6098 61886.6951
38602.8206 31860.275
38607.8486 41093.4279
38625.0873 64096.0835
38640.336 61302.5426
38669.5255 72151.1625
38675.2291 48804.5041
38685.2893 28824.3515
38751.3042 85383.4505
38771.2256 35477.2925
38809.1591 24471.8144
38877.9124 57270.429
38877.9876 75059.4089
38885.1265 81802.2392
38918.8562 18895.2671
38979.6928 39771.3095
39085.9974 18089.3333
39106.2759 94026.8053
39125.7333 96473.2243
39231.5385 46109.1825
39338.8011 61602.5339
39417.5072 71854.4651
39442.3291 66498.611
39544.9595 65779.5121
39572.943 6151.5075
39614.4886 12655.4255
39631.7699 43325.3311
39757.7429 50634.4309
39761.1546 86093.5488
39821.737 22563.3217
39850.0127 40472.6497
39896.8071 7128.2805
39911.7132 13445.6976
39936.2222 69941.5976
40013.9714 88374.47
40064.8747 33389.3498
40069.6943 3485.9945
40090.0262 79390.0048
40125.8462 45473.9716
40128.7514 21369.8143
40145.9914 1986.6663
40174.6493 64197.8216
40391.9809 83369.8689
40400.551 12189.2289
40408.9422 87495.1869
40420.6186 85970.722
40445.5774 36675.6048
40477.1864 6939.1517
40494.9613 15300.2681
40532.0396 79390.5275
40533.4179 57510.1745
40592.835 63080.7575
40634.5101 82026.2518
40671.5532 28691.2626
40691.1875 16566.5732
40702.6462 9918.9416
40727.6251 28372.5278
40738.3728 48386.6201
40744.3258 94308.4316
40751.6694 89857.0194
40788.21137208407 14387.999179415949
40788.532335877004 14385.86271765678
40789.1642692515 14384.720917175688
40789.44262639492 14385.108793739477
40789.68509137049 14385.6161554379
40789.84115182006 14386.371735056631
40790.07676374141 14386.4888100066
40790.30191789285 14384.66958972642
40790.55308020208 14387.431190511956
40791.61409905592 14385.726057734506
40792.8138 108.5737
40792.9416 53185.9218
40804.759 3574.6026
40805.3129 15886.3704
40876.1317 76138.1326
40915.2906 11198.9557
40925.1686 16455.1919
40943.3821 3921.3007
40965.5873 11928.2553
40977.3285 36306.3925
40991.5799 62642.583
41016.7999 33995.2745
41032.9519 13540.032
41043.3812 67649.1263
41174.634 6528.4329
41182.017 5377.6152
41186.3768 2046.5591
41192.1896 14809.8209
41227.7721 33977.4356
41239.596 54542.8941
41241.9864 89636.7239
41263.9723 15560.264
41290.2963 8277.3379
41294.9292 46493.7321
41299.8385 36281.9598
41312.6172 62129.8043
41338.4541 41972.5245
41345.1303 97374.6622
41394.1628 39217.4951
41420.7437 25615.0843
41453.2828 13518.5981
41514.2955 70804.5774
41526.2054 35759.6308
41533.3815 63650.8175
41625.8125 74415.1384
41695.1169 93679.9938
41709.6499 87993.0049
41723.6343 20123.2322
41756.2853 79895.575
41759.6759 56125.6248
41797.1403 73603.0992
41799.4146 80222.2303
41812.72 71999.747
41845.2928 91560.6072
41869.5768 41515.3453
41938.5299 52261.6096
41940.8828 91570.6396
41985.8718 68096.0131
42002.8886 96805.0328
42010.3555 70925.2832
42033.9484 99230.8933
42049.6269 38177.9366
42061.19123321317 19341.89212393416
42061.52293143179 19343.713792006525
42061.9513965198 19342.997879834806
42062.1334787321 19343.61054253627
42062.709824821286 19343.174873681593
42062.95529506008 19343.236381595023
42063.03779101756 19344.75155015558
42063.1581659803 19342.530317303575
42063.31918320841 19343.178886073467
42063.88096190558 19343.718249811143
42091.1508 17928.8627
42204.9334 85544.9117
42210.5848 61036.8978
42216.945 7206.9093
42219.2196 65820.1423
42256.4346 66102.6663
42258.1051 67019.6363
42319.0745 45724.5724
42340.3641 65767.3033
42409.3715 99456.7895
42465.1054 31819.1556
42512.9698 55430.498
42607.4146 416.953
42629.1206 79790.853
42671.3998 85074.7388
42677.6773 98072.7104
42701.9743 86429.5666
42739.0313 2358.7359
42742.1206 56610.3566
42765.3963 45709.2498
42771.6992 70175.1429
42807.0136 25401.8308
42834.6204 37355.5372
42855.2576 10647.6835
42877.5072 49561.9238
42878.4121 90084.3729
42949.8464 96611.8717
43016.5951 82676.6502
43030.1244 23539.2841
43065.518 95772.86
43088.6209 49446.5443
43120.2478 92866.1215
43138.6894 7007.3881
43152.3496 64572.5693
43154.6715 95928.504
43160.7233 13669.5472
43182.8546 42761.3368
43238.1113 51584.4872
43270.434 45764.501
43356.8338 2142.0933
43390.5722 81239.8341
43400.3661 83335.0083
43628.3996 88306.5374
43646.1382 48882.0452
43675.4705 29012.8431
43700.7811 93326.0959
43705.7589 32324.2403
43718.1867 92790.8583
43727.1486 97418.7517
43745.3098 37740.1887
43793.338 92485.947
43801.6423 41981.3661
43813.2951 65208.2038
43813.8213 82317.1458
43829.374 30362.0659
43861.6388 66999.6313
43865.5974 79073.2386
43875.639 26484.138
43881.1237 83198.2318
43885.0045 16425.6927
43902.3401 92888.089
43903.3307 44115.3036
43906.618 55129.2895
43920.159 82734.9526
43939.19 90690.8554
43954.4583 2501.8158
43959.016 46164.8225
44144.627 64338.9342
44170.4857 19317.2395
44171.2983 19511.7022
44183.2372 17882.3342
44197.1291 63612.5642
44233.2425 91429.1759
44248.7051 82007.1783
44264.4751 81654.0512
44267.0663 19455.1353
44277.9792 31881.8889
44321.0154 25074.696
44335.0962 46799.6147
44344.6323 27083.7356
44350.6556 48902.0886
44423.2358 85152.5
44425.6097 8055.1022
44429.3507 64007.09
44556.3439 43228.7842
44563.7637 41413.356
44594.8494 61568.6657
44604.9136 97384.6006
44647.9361 40855.2049
44655.9038 8807.3641
44786.404 46780.3263
44839.9393 67823.3037
44844.1594 88564.3109
44858.7039 53676.0163
44907.549 76861.0621
44962.585 28219.1871
44970.5826 63937.6601
44987.8955 83944.362
45023.1276 89583.4567
45031.1168 53769.3446
45058.089 77359.1829
45068.2988 10008.9027
45070.3776 56440.7398
45078.3908 84801.7151
45098.6279 25254.861
45100.7577 87537.0971
45115.9482 30290.9694
45143.7286 16259.6329
45173.9441 84363.0069
45209.9155 62718.5388
45238.2995 98844.5765
45324.9325 84508.8551
45401.7957 21476.3391
45464.3659 64499.5229
45481.4143 65983.8033
45487.7587 9680.5144
45556.4855 40042.2999
45563.514 74136.0168
45565.9699 15326.7763
45574.2914 36695.0155
45578.9967 82041.6173
45604.7696 28462.6396
45674.0838 81722.3649
45680.4009 90165.5783
45681.7677 94170.1119
45691.3269 52965.3686
45697.633 57008.6811
45724.7342 99500.0
45992.1151 67878.1329
46010.055 66125.9607
46039.4986 28035.1654
46054.3556 57357.7117
46086.5138 74933.8052
46113.071 19251.1925
46121.0277 37445.8088
46132.6105 69942.1293
46137.1097 20463.3833
46159.1291 49009.606
46225.9548 4955.9475
46289.7975 1654.2635
46291.7053 64376.0393
46321.248 18440.2976
46379.6417 78183.6082
46406.4805 39857.7763
46528.35 2525.7835
46529.7737 92077.8889
46585.7521 88303.6725
46590.8144 80944.5901
46609.9063 46817.8788
46611.6969 6845.1215
46628.2687 4015.6255
46629.7658 45871.4639
46644.2939 96131.328
46675.2092 96309.7508
46714.8857 46167.813
46719.6213 72528.837
46728.3325 8877.4516
46773.7745 94546.9665
46775.6536 6802.1679
46782.3857 66020.2953
46784.5078 4460.7672
46827.0464 1474.0059
46833.4372 40875.0372
46836.1572 195.1078
46857.0701 76459.1295
46872.7068 55805.7661
46885.2774 94368.9893
46895.6892 26841.052
46918.9898 31652.0033
46966.9841 34612.0472
46986.3063 20476.4807
47020.6628 86304.548
47129.7624 94660.9771
47193.6655 66163.5516
47250.9045 86487.0742
47289.7078 74207.7671
47336.0873 90284.854
47371.0475 46019.0966
47376.9508 58050.0847
47431.055 4194.0636
47437.403 55062.0066
47517.1194 441.2629
47543.7737 48215.7128
47560.2173 4444.3889
47594.4625 42646.0515
47615.1769 36282.4331
47623.1208 8629.5747
47739.554 59017.2082
47756.3936 44350.0381
47777.8181 28090.6525
47800.8349 11327.5413
47805.9448 27127.9133
47826.3666 39524.7582
47827.6395 10369.1431
47968.7966 96189.5028
48027.0109 22133.4719
48093.1021 33687.9332
48126.2288 81812.8132
48137.0063 10024.3084
48184.5837 55854.7886
48198.949 29655.734
48246.2324 36345.343
48258.1542 61863.7423
48258.6207 21822.3978
48305.2255 62371.5503
48328.9438 37137.7032
48334.1002 51177.8726
48442.1082 10443.6319
48494.1806 73501.4817
48605.4298 82997.6913
48619.1535 34023.391
48640.8159 58225.7124
48648.7139 67106.1414
48731.7534 34240.4556
48811.5922 63673.6929
48814.0825 87933.5687
48859.5819 90122.4215
48873.3767 2742.7724
48947.4641 68790.9928
48960.0401 8986.9731
49002.5493 48757.3914
49043.1268 2615.6446
49066.388 94733.9522
49114.0091 95782.4671
49115.62 12874.5598
49121.2254 5643.5034
49172.0193 70300.0793
49240.9546 54389.1396
49268.3886 39675.358
49322.3806 29338.6988
49360.2571 67820.3026
49369.8425 44924.6265
49391.3441 66779.7594
49499.0365 88334.9555
49499.8222 66800.9093
49538.9951 53602.6592
49562.3912 18544.4532
49581.6417 69554.1888
49602.0152 11528.9671
49626.8783 9038.4981
49644.3918 51284.3879
49657.2838 90195.7587
49664.819 61038.6606
49728.6151 20973.7044
49777.7481 56234.0589
49784.2878 98847.0054
49784.394 73387.7512
49840.7398 83754.212
49853.5549 6987.5012
49920.2046 59654.8555
49925.1469 43868.1848
49928.6082 54825.5904
49931.5868 5674.7018
49934.7252 96608.0469
49940.1334 99500.0
49951.6686 22677.8828
50068.1584 74907.2863
50072.358 82150.1451
50076.3683 86557.7232
50082.4976 40402.0592
50083.3835 8878.1115
50086.2895 12059.0246
50087.1662 83866.6393
50103.0559 45660.278
50119.0291 80061.4696
50147.7815 2934.4512
50302.8205 87203.1688
50310.083 23850.2693
50351.6279 81949.0958
50437.5481 28010.5666
50451.8761 69910.0636
50471.1589 50953.1107
50486.1194 17059.877
50518.6769 20732.7234
50527.9813 56333.7232
50544.3025 12327.6122
50547.5675 74524.0093
50582.5812 55668.4103
50588.8787 88513.5357
50627.1372 88579.8267
50706.2804 63497.3255
50759.8836 48669.3291
50764.8627 77175.4762
50773.6889 10989.7165
50793.5508 50119.5294
50913.7239 74154.5697
50919.7579 10834.2499
50927.5744 62578.3342
50933.1111 71533.0336
50947.2695 23979.7853
50978.4475 1684.4944
50996.7426 16485.2007
51008.407 24864.8126
51011.1919 61475.9309
51013.244 34331.6313
51021.001 83723.4685
51081.5752 41392.5587
51164.5379 36586.4633
51170.2925 49600.7508
51206.161 82090.1897
51233.2395 32981.8314
51233.867 80557.043
51286.8507 20808.4743
51293.4441 59035.5015
51340.367 58861.0742
51379.8135 95086.2987
51465.42 47507.0276
51470.5798 55096.931
51474.6025 86686.9857
51493.3006 42900.896
51502.7638 34465.1634
51518.1499 47816.5206
51627.9359 74586.5574
51636.316 43925.8329
51673.2898 28157.8597
51676.8559 44440.6789
51725.6678 22177.4137
51727.9569 31607.9597
51761.3859 6472.4769
51764.2791 43860.0725
51809.1415 93717.2604
51841.3643 31032.9742
51847.5938 15394.8643
51852.0836 56149.2488
51865.2684 65351.5078
51918.6991 540.4981
51932.7524 56305.7619
51974.7837 276.8638
51989.012 34005.9132
52012.5627 32152.8097
52023.5217 75565.7028
52040.3789 9695.5231
52058.3297 14454.0249
52094.1724 21224.6554
52100.417 96048.8462
52206.4298 61947.4335
52234.7852 47102.5314
52281.6852 69104.639
52290.366 61148.4532
52299.2507 2669.4589
52350.4097 23561.2449
52373.9042 61169.0342
52390.7604 20353.3188
52408.0792 49599.5662
52435.9286 66023.0087
52537.5465 57443.2409
52551.8747 67304.1766
52563.1111 90209.1614
52730.2199 49301.6607
52752.1949 36912.2066
52774.4312 80167.755
52777.7546 98619.4912
52804.1883 1784.0985
52915.652 32511.4167
52926.2277 30194.7699
52930.585 12874.8455
52940.4339 72247.9895
52973.3903 14211.3146
53012.4634 48528.2654
53022.8656 86777.3482
53027.0385 74962.0945
53045.575 62575.6847
53045.618 16380.1971
53061.8749 89028.2095
53062.7232 36193.514
53064.5855 65006.7317
53145.3611 76575.5688
53168.5761 72954.7652
53189.7091 64104.6046
53210.7172 35481.3821
53232.4674 97684.0026
53353.4108 95193.4702
53355.4742 72021.9382
53363.3575 92378.4244
53427.095 45585.3809
53457.7968 38766.9274
53498.2903 49303.371
53502.5845 94578.4994
53509.2121 94838.5756
53621.4564 51298.3853
53641.3412 6887.3177
53643.9472 99227.5889
53713.13468733368 99025.77928202483
53714.52274772027 99025.80616523858
53714.903621136626 99025.11278004691
53715.22322855074 99026.74954257983
53715.31810184282 99023.81309031874
53715.319901909854 99024.38842212323
53715.33087752187 99025.62077085342
53715.820731115855 99024.8842410646
53716.23308305842 99025.69839653875
53716.69847173471 99026.08550456478
53738.3188 56331.4409
53766.1801 15523.3544
53804.6383 42562.6216
53841.3839 21583.7118
53862.716 6392.3022
53921.4046 82586.1293
53951.4725 94460.6703
53967.1567 53562.4857
53968.0381 31886.727
54022.8595 30816.1976
54035.8535 31997.3497
54065.3269 72890.4781
54093.3267 50830.7682
54115.5711 58253.4705
54156.0689 99067.2929
54211.7918 37415.3206
54220.6465 197.3458
54239.9061 24290.7295
54314.5618 73382.7106
54385.9105 95145.175
54415.1034 11136.492
54436.8694 63732.338
54450.3641 56786.4955
54461.1537 93291.0055
54466.894 29277.7836
54471.9403 1694.8565
54521.3202 59093.1304
54552.8552 68111.0264
54575.9259 86866.9569
54634.3547 67160.7837
54688.0926 79687.5396
54780.2675 38273.485
54796.1306 97588.614
54838.4376 62312.5516
54914.7978 76279.4899
54952.4266 35133.5976
55016.173 95798.1065
55070.1457 4560.195
55090.7894 74815.5117
55152.1016 10301.2589
55153.7339 55364.4531
55164.0269 59945.7305
55166.8442 45270.9117
55202.8632 67819.6184
55216.9348 50707.7271
55217.4313 34244.7678
55219.6528 27699.7724
55256.2128 68068.1108
55259.7283 7996.2404
55352.3593 64650.8215
55409.7052 41980.21
55465.4507 79764.9874
55471.1487 3696.841
55523.1804 4355.7525
55607.323 57488.8815
55619.9571 55717.4135
55782.4721 82918.5086
55788.5022 31515.734
55845.1865 2350.0433
55875.7515 8804.1949
55883.976 55987.5071
55899.9806 69462.3505
55917.4165 35151.8976
55917.8 49926.775
55980.1329 83226.1594
55982.6191 70049.8903
55992.312 89465.6084
56044.2482 52258.6225
56064.0497 5669.3136
56081.1943 81007.0873
56119.2729 15757.6892
56217.4695 97797.1793
56242.4643 26008.1088
56255.9388 44372.3243
56271.9274 56217.3976
56283.3406 39591.3152
56309.8084 14913.6262
56332.2814 89408.6707
56347.8637 706.5602
56365.5802 69966.1042
56368.138 7799.2339
56442.6942 39167.3867
56443.289 64349.1336
56478.9337 4803.6563
56496.6672 78974.4507
56546.1986 55240.292
56560.0396 34555.7293
56575.0625 47204.982
56626.7927 88374.6439
56638.1725 71579.0838
56644.6329 47201.9316
56666.8087 63186.0798
56686.473 62074.9572
56698.7452 72294.5249
56711.3719 26023.7602
56713.0385 83104.0183
56768.2657 11953.3667
56837.4956 90286.0838
56848.5003 63476.1835
56872.5354 10846.8834
56877.5266 7458.3208
56878.7786 17047.097
56912.9401 39527.6352
56920.1854 74213.6528
56950.3639 11056.6804
56979.1296 88946.65
57033.3824 6674.2859
57050.9373 23584.2402
57050.9484 38936.9198
57072.813 89161.8447
57094.5507 8416.7562
57104.3581 22391.4936
57112.688 93502.2411
57132.3427 29919.6916
57172.8381 51353.1815
57174.4453 56184.6844
57181.7253 64194.3231
57198.2413 88958.5545
57227.1895 11001.3273
57273.6607 44577.5554
57294.4807 91507.2811
57295.5498 92681.4117
57315.3319 73245.9094
57340.2761 69159.1712
57342.5763 56803.5123
57365.4884 33220.3827
57375.2623 95309.9822
57415.1343 23451.6173
57440.3935 65048.5239
57560.9698 91376.6035
57655.033 93703.0631
57685.7475 87459.0513
57753.3143 27073.6959
57802.3332 90050.9732
57830.7863 90872.3675
57838.7549 40403.0747
57852.8925 72943.445
57861.7158 93094.1605
57872.718 39076.4732
57909.3484 44468.1147
57957.3665 16759.859
57989.6502 32749.7738
58073.3036 29768.6475
58134.1086 6615.7242
58179.5388 63921.2637
58200.4881 5369.1005
58204.1359 10452.8783
58204.88881975662 57799.98794750128
58205.39348570686 57800.440595838336
58205.787329526356 57799.87005935733
58205.98075705201 57801.29205481336
58207.42575290586 57801.057538829475
58207.545532192846 57801.46379201345
58208.148283663024 57801.75603651293
58208.15930068469 57800.30260045285
58208.46636102114 57799.276806441805
58209.34220427037 57800.187778275
58229.6484 69751.2145
58240.9592 27704.1783
58291.5464 74072.0521
58457.3153 17383.9921
58493.4735 45449.7572
58509.5958 2293.9171
58576.0248 28996.3619
58697.5981 12423.0244
58715.834 44209.3662
58747.5895 81151.0599
58773.7784 82203.1182
58777.8563 20761.5234
58832.6178 35932.9521
58875.3486 73295.2689
58888.7917 77680.0363
58895.119 50630.0852
58927.6795 10406.1941
58945.1499 63489.2548
58953.7803 9170.3984
59043.6278 60913.7997
59064.168 57970.1471
59094.0751 53724.588
59110.5872 10274.2174
59170.9406 75474.342
59191.8751 76990.314
59207.2423 38057.8239
59254.7764 86943.1515
59322.3523 46481.2388
59339.3126 45901.1453
59342.4236 14357.6436
59356.6757 78154.49
59384.254 89483.9154
59400.3929 23830.4891
59468.7563 26585.4143
59469.9402 67675.2734
59508.6522 95927.5719
59628.3193 43680.9565
59684.6528 2482.9403
59736.1773 39552.3281
59742.282 80261.862
59768.2344 18694.4174
59810.8375 9692.8712
59836.5458 18648.0549
59849.1964 57423.3723
59850.1749 95618.1852
59955.1775 50823.2122
59972.5999 35455.1548
59987.5619 95136.3456
60059.4483 98564.5453
60078.2021 32495.5778
60167.3822 61732.9277
60187.5791 36290.2701
60270.1823 55924.0724
60297.5868 83437.0023
60308.9341 789.7516
60348.4986 577.927
60421.3712 1405.6619
60426.4746 57410.6844
60431.0507 63107.2234
60478.7416 5094.8072
60506.3893 7727.2743
60533.2648 69257.2074
60538.3444 25045.5884
60554.7037 28959.3615
60610.3829 36640.2978
60640.2161 23776.6122
60654.1131 48372.963
60738.171 26010.9481
60856.6791 48213.7468
60906.7152 30471.4474
60914.0375 61645.9736
60989.0446 73365.0284
61000.6452 54417.1233
61046.6162 97407.612
61053.6623 2712.3547
61054.7101 17539.9193
61119.1848 37150.7808
61123.8592 66092.3006
61162.9377 77239.6461
61199.9453 41876.6373
61220.1737 87707.7778
61238.0952 76080.9782
61265.4041 11522.0788
61284.19 92955.5344
61312.3715 73119.551
61320.0182 31118.8728
61326.1354 36553.6835
61369.374 31010.5564
61380.0533 42025.0291
61401.6389 96811.7043
61447.5326 85818.091
61508.2501 70661.7772
61600.0418 87864.9912
61602.9562 81521.5572
61604.6549 42656.3235
61679.027 23040.5388
61692.0254 29500.6646
61784.5927 34256.1428
61788.6781 47640.1949
61802.5715 99168.7369
61899.6322 71173.2127
61944.4474 32021.7272
61954.2904 89951.5184
62069.1251 43625.1397
62070.6513 25764.656
62125.4965 13490.2325
62148.8534 67725.5563
62166.263 79653.6102
62232.7542 84531.0681
62260.0066 80124.5962
62295.4589 36860.6776
62304.3957 78255.7917
62337.8128 42983.4446
62341.5662 70865.4827
62362.8329 69206.7509
62424.1319 1777.8616
62456.2268 97477.4123
62501.6635 31926.6823
62555.8275 7559.1657
62583.0805 24889.6024
62617.5722 16277.2538
62632.9734 71734.4428
62657.4175 26137.2051
62664.0618 68161.2934
62715.86 82024.6886
62720.8594 76841.3521
62746.9513 56758.311
62754.4598 7372.2321
62782.7478 86327.8907
62819.2624 52758.9648
62920.1618 73358.7932
62968.0097 25322.9856
62992.5627 49887.6383
62993.6051 57596.9074
63054.0585 86023.3627
63078.5842 38323.2725
63105.1618 76927.1188
63129.1878 52322.4821
63133.5886 76289.2259
63169.7751 99500.0
63198.5344 70542.4156
63277.3047 55433.8464
63291.4335 34178.613
63355.8287 10137.0214
63379.1143 34139.5981
63384.6411 99500.0
63403.3363 72935.5402
63472.0675 41931.0363
63539.318 7193.1332
63585.7897 27831.9066
63589.9088 20734.6973
63618.5149 38431.175
63662.1933 87573.6214
63787.5668 12328.2221
63806.853 67485.6198
63807.8842 66652.9398
63807.9376 46916.3168
63916.4323 23800.4573
63930.9371 72279.7554
63948.987 68988.871
64011.6447 86726.4734
64030.86 26344.1898
64041.6013 50707.3653
64057.6544 48071.8484
64098.1166 16962.7096
64118.6553 89245.1003
64166.629 69290.4791
64188.4569 4443.0964
64191.0719 8354.3298
64210.3646 64708.2948
64219.74965174457 29539.646399221452
64219.98762736987 29541.16087975367
64220.52351154281 29540.067378326494
64220.66836144845 29539.570446196656
64220.81426270988 29537.58633989149
64221.26363046204 29540.938959654693
64221.27045124509 29541.50801800185
64221.57186626853 29540.49423386315
64221.89348182449 29540.113917947267
64222.29488594967 29538.972643950012
64287.969 32916.2295
64289.3487 58565.1627
64308.2546 57744.3324
64323.3137 44476.1441
64335.2155 73596.7153
64346.6186 61316.809
64358.83 41418.3417
64525.3468 84155.7903
64531.4241 71935.1623
64545.8842 6640.7216
64622.8055 64287.1018
64645.1731 87952.2891
64729.1964 53165.9916
64737.8815 4337.3946
64849.1074 43593.2308
64849.6465 27867.0891
64859.9055 91971.6369
64876.7926 79884.7408
64884.4269 8640.7346
64917.8393 74398.0629
64942.9836 45731.2437
65083.9622 79955.7397
65087.3085 43350.1717
65118.7057 23652.054
65127.0806 31803.1693
65127.5731 71741.6413
65167.2065 49090.3096
65174.9903 97768.0924
65187.4087 42013.4843
65196.1814 47145.7506
65201.6948 30137.6945
65205.6841 7740.1866
65285.3712 95054.0499
65288.7203 14060.834
65303.0743 8882.6343
65308.7457 46858.9138
65313.7591 6016.2583
65342.0987 77148.8888
65409.0438 84563.1348
65418.7168 12278.5706
65427.2973 52369.2197
65438.8833 27732.0202
65482.0261 6251.4843
65482.2288 12574.6429
65509.1511 77958.3737
65622.6682 54803.442
65627.4393 7647.7452
65642.7459 98074.1348
65670.6301 86319.9023
65689.6519 56133.8094
65704.3301 94320.0853
65714.8227 60832.4062
65765.6784 7380.5493
65770.7482 53850.5352
65777.6058 46287.2986
65807.2991 44862.5207
65812.0034 25371.2594
65877.508 47139.439
65898.4215 54430.5519
65997.0259 94499.7664
66060.6996 19841.4188
66078.5546 18691.6022
66105.9335 68996.6632
66144.5412 2752.6566
66266.5438 91567.351
66292.1064 21129.2869
66294.1064 16701.8237
66307.5821 80149.1738
66325.7871 63833.595
66354.8191 57449.3109
66361.1673 40919.6061
66364.4561 8090.3587
66393.4768 75029.8663
66454.7788 4887.2738
66517.9992 50317.8046
66558.9295 74171.4924
66602.6016 52841.2934
66619.6646 21351.2419
66630.0191 1904.9997
66632.1219 51924.7401
66765.7402 44663.2899
66823.17 64895.5434
66876.7768 91617.9671
66887.9565 45207.8589
66943.3008 4628.2062
66980.7619 97517.0672
66987.5554 34003.1348
66997.7802 50632.0357
67039.8225 81530.7236
67080.6224 60549.5985
67154.2699 63511.8498
67210.5936 6910.1275
67227.1828 83307.5498
67241.8206 90404.3996
67296.947 17153.2684
67348.4203 33494.2529
67365.5351 41822.6367
67388.112 71457.8259
67398.6537 31037.3006
67410.5661 99115.0368
67437.8521 13747.2278
67443.9372 96814.2927
67449.4332 19428.0327
67454.7255 36739.4195
67509.8129 73204.1057
67566.6449 52700.5168
67573.884 25253.4344
67706.4255 64614.8923
67722.1102 38499.9579
67788.7935 43473.185
67794.3417 24237.0444
67822.4287 17786.2475
67907.9442 50027.0162
67920.175 57125.2389
67931.0856 82273.863
67971.7408 71321.2196
68032.3678 11643.8656
68048.3839 67936.588
68098.0485 80261.0975
68111.2972 43826.4459
68132.8861 28183.7758
68134.7146 81990.4409
68192.7751 87368.9561
68203.1643 35903.7089
68241.3168 63694.9014
68260.335 79531.268
68270.6426 23216.064
68293.433 66238.5339
68295.5356 25308.1967
68306.0957 23171.9629
68313.358 33345.4493
68349.9566 3630.7855
68384.6964 41397.6921
68397.987 19271.6585
68398.2173 45450.5063
68402.4309 86989.3935
68409.8163 80070.7308
68444.1488 54530.7767
68489.6083 81725.1426
68567.4373 67230.8798
68589.0208 84365.3173
68590.9824 99500.0
68627.509 70116.9902
68654.125 67560.2467
68668.696 36418.4422
68683.1541 91953.6791
68694.1122 9977.0936
68791.7017 49506.3463
68831.6184 79054.2634
68872.6162 16373.1425
68889.8915 31410.7807
68901.1945 39630.8155
68906.6427 92619.0334
68922.6891 37179.5209
68923.1479 32999.916
68923.6704 76021.0496
68992.0822 20979.2412
68993.1574 60875.1795
69034.7462 94907.9927
69095.1035 78991.1115
69098.2873 21591.6188
69114.6527 14133.8648
69125.5702 95183.7774
69155.0626 10112.6602
69158.2181 24101.6176
69171.1946 725.709
69244.6396 71803.9303
69388.6951 87244.3746
69396.8325 35283.6313
69426.1745 78549.888
69451.0577 67339.5763
69463.508 59896.0095
69468.5499 11559.7294
69580.1304 78434.7622
69599.4822 25255.1024
69621.4234 68708.1707
69661.0714 46426.4088
69701.4759 89210.2882
69733.6975 98290.7353
69761.9226 35116.4549
69782.7093 47764.3339
69816.5473 21292.4538
69846.4196 5974.1709
69862.0829 18871.8412
69874.7119 56004.2213
69911.3191 48449.0098
69932.8119 77562.1762
70015.1454 55026.0128
70016.706 44692.4519
70060.9209 50946.5064
70081.0191 60602.7029
70107.7798 45371.3405
70175.4427 76833.1965
70243.0933 30445.0609
70257.8169 52464.5916
70290.8819 6965.8116
70315.1279 24101.7699
70329.4072 47833.3531
70347.9576 94814.9701
70354.6114 44894.9051
70384.4872 78809.0254
70422.5557 92565.0975
70445.4745 40700.0403
70509.2339 21563.6052
70518.6453 3556.353
70525.4673 36887.4255
70527.6107 2794.3224
70541.622 12945.6849
70608.0533 75487.8672
70621.7248 26713.6631
70631.58 7767.2227
70650.8195 55908.0842
70704.366 72826.0842
70710.5446 91671.1834
70770.9573 90229.8838
70789.209 69374.5121
70810.8361 13529.0982
70888.7291 85230.1536
70978.7013 4750.278
70988.5708 57049.3734
71021.1818 29412.8885
71033.7031 53522.4645
71054.3174 39715.7323
71059.7575 77357.2204
71076.3323 70350.4116
71116.9987 306.2545
71138.9309 19410.5423
71188.7266 40118.8736
71192.3319 24277.3952
71197.8681 61103.8041
71200.3771 21882.3435
71202.8708 2421.795
71293.1893 66069.9462
71324.5077 35317.1406
71362.8383 88654.9891
71437.319 39951.7362
71455.4505 29322.5812
71463.3043 9850.2637
71473.5661 56028.8923
71481.6259 70629.8301
71493.2781 19567.1035
71494.2974 59612.0518
71515.2293 90917.4691
71526.2406 3683.767
71543.7645 34657.9294
71558.4919 28622.7377
71561.4044 51207.0227
71639.9466 63891.5567
71703.1517 18616.9912
71708.5819 21365.3708
71779.2553 34575.8512
71826.018 64344.4839
71877.7295 6772.647
71881.6549 36612.4369
71947.3734 61659.4063
71968.5723 69657.5442
72025.381 72726.3886
72043.9961 74824.2099
72057.0555 25319.9317
72091.0172 39180.2572
72093.8072 32341.0625
72123.4692 78187.9234
72127.7111 39820.5347
72131.9229 39386.7322
72141.1601 37873.7811
72163.9467 15144.0603
72227.7202 50060.051
72242.3422 62324.519
72264.0511 15845.2174
72298.3807 89973.9117
72299.1341 52776.3473
72307.6194 95765.9193
72358.6513 57007.5427
72466.0663 78689.3683
72512.6962 29369.4858
72531.1638 86003.1006
72579.87 64467.2609
72613.3675 22886.488
72615.9169 65171.3477
72630.795 92218.8275
72716.3337 79925.4288
72729.189 98773.3466
72731.3286 77976.6193
72789.5676 26876.3991
72796.2686 74305.6281
72869.6584 13855.5261
72917.9793 39340.0567
72945.6611 96962.4397
72951.1636 87786.1965
72952.9756 39271.2112
72975.8846 23617.543
73010.8237 92589.9091
73033.2975 4671.901
73092.1743 4456.3441
73108.7635 3178.3177
73132.5624 92522.4016
73186.3041 97663.1224
73205.2909 78249.1568
73340.138 97725.3696
73423.5325 83744.1145
73436.3456 5361.7741
73514.9749 59859.3461
73542.1237 85937.8621
73550.0026 31774.6364
73685.0366 30863.3361
73705.2762 55221.6902
73710.4096 61150.4068
73738.086 27310.6975
73743.9838 76384.1598
73765.386 215.7337
73792.8777 6152.266
73870.0954 35631.3765
73883.5194 90199.4846
73901.3614 59707.7837
73918.6763 41563.5583
73934.5109 99481.5361
73941.5757 70296.2501
73978.6473 14021.9266
74045.2814 53723.9581
74058.0929 89786.8368
74121.2085 87896.2721
74216.6485 48270.8451
74235.1736 58425.0208
74317.3663 79163.3914
74347.4934 78245.1347
74379.2158 79863.5776
74443.4132 69717.1028
74466.4757 65711.9306
74516.7972 18674.8769
74531.9266 17710.7413
74534.8134 37558.0788
74535.9731 44193.8273
74610.0917 76018.359
74630.3371 14739.4474
74660.8999 69462.0309
74717.7635 73681.9135
74786.7053 88720.8151
74790.4382 70517.024
74801.0789 20399.8161
74824.1443 78833.0875
74826.3448 9464.9824
74836.946 17225.1046
74845.7053 17649.479
74891.2297 76520.8389
75051.8189 45620.2346
75090.3876 71331.6308
75103.1138 84654.3686
75105.0049 89046.5467
75151.0584 45393.1185
75218.0099 71256.5257
75244.4917 54326.9044
75274.553 752.3519
75276.9206 90.6772
75289.6861 5738.0042
75487.4412 66577.0671
75489.0484 50441.0268
75494.216 69065.4241
75555.3175 27236.9277
75664.1641 27776.2054
75689.4862 85174.274
75716.6321 95580.6547
75733.0759 85058.8447
75736.4234 45920.9372
75831.0847 35617.2625
75903.7229 12975.8634
75949.9208 548.54
75956.3556 72631.4
75957.3419 17751.232
75973.4672 7045.6378
76054.4167 61854.5412
76137.9873 94037.0576
76142.0776 42435.7855
76200.0781 2272.3832
76249.3091 35412.9131
76285.1781 66819.0645
76301.462 29589.7862
76314.8365 3155.9808
76319.7055 30667.9781
76323.0325 3353.7362
76366.0953 72389.8688
76528.7845 87283.7662
76536.9408 69669.0757
76584.0205 7056.6138
76647.4132 14269.1611
76719.0426 79044.8766
76803.7077 32288.933
76810.9833 75040.3958
76825.1045 22232.1061
76856.2536 68439.3819
76872.0624 13960.0671
76982.9056 26971.9554
76984.9371 70889.6642
77046.4133 57370.2737
77073.468 34115.4368
77090.9916 39031.9764
77109.1993 19920.0045
77116.9618 29830.491
77129.4447 81614.2326
77148.4005 546.5182
77212.6592 51413.7276
77260.127 30662.7607
77302.5343 9442.5251
77311.9625 64896.2874
77423.3788 99390.1933
77435.2779 69484.5674
77557.1426 72390.2875
77562.7721 11407.5972
77576.1815 29781.9051
77588.0447 12398.3914
77606.786 50434.7535
77630.8184 73259.5038
77641.7695 13285.8571
77647.3197 89433.4865
77810.8816 27203.2404
77843.106 60217.8467
77850.6204 10337.3858
77900.9683 96244.2009
77924.3908 280.4462
77978.1244 38640.1658
78004.3342 408.436
78075.8927 92201.8047
78110.7814 20839.5047
78142.3197 17527.143
78194.3283 41141.8117
78203.1041 14063.1798
78217.0466 10731.7475
78265.0438 83713.9137
78275.7515 69760.5924
78306.2894 20955.2015
78378.3804 4924.4542
78509.6771 62157.8761
78551.4646 46890.2952
78572.9493 26696.1399
78629.0858 51127.6306
78663.7802 76164.6226
78671.762 80442.8424
78696.0419 2804.8155
78708.01212246357 54064.420241057276
78708.18585596538 54064.992374597714
78708.59382325459 54064.05441624129
78708.6441192119 54064.99269669847
78709.41333113551 54064.97963687916
78709.63470547416 54065.00275478789
78709.71740308646 54065.73637834418
78710.06848323664 54064.431965535645
78710.24962821821 54064.209469122456
78710.42520227146 54065.13412829564
78798.5739 54596.6654
78803.7049 19239.2755
78813.851 91896.1921
78860.426 10659.3856
78944.2402 82247.126
78988.2435 58113.9722
78990.6663 75707.1561
79011.3625 13737.1974
79030.327 6708.5345
79061.4849 35963.1802
79124.0015 24888.9977
79171.1776 59562.5549
79299.3562 60762.9185
79302.4579 74334.9965
79306.2645 23255.77
79356.13 19791.7001
79387.4643 67971.6015
79393.8083 93910.2408
79406.7066 79719.3327
79583.2054 55735.8648
79595.8287 11158.8478
79597.5434 34723.8926
79611.4848 1551.4952
79617.501 78587.161
79649.5304 87226.6001
79657.5419 23266.9896
79730.9818 78510.2844
79740.642 67070.6702
79753.4182 22623.0562
79844.5695 10437.0577
79859.3905 32465.8028
79893.8016 35821.8648
79903.5917 11568.8687
79918.7241 37339.9587
79925.1363 10259.6986
79932.4767 3407.4759
79968.8904 47485.3751
79985.203 18754.4124
80045.6765 13479.6242
80166.9836 49847.9616
80171.0716 90769.9429
80229.2615 81443.5681
80268.3488 1386.072
80282.8418897488 24951.440977168615
80283.01461417467 24951.97451686155
80283.23103366616 24949.111797175876
80283.59146808181 24951.30366167452
80283.91121998488 24951.154236743998
80284.03244700443 24949.85511966627
80284.03731684362 24950.977184362775
80284.24101324435 24950.743576480643
80284.74358280523 24951.337506681863
80285.25318681526 24949.795969415187
80312.7492 54112.8998
80315.536 13224.0385
80342.6992 71427.2498
80411.6359 26910.2277
80443.122 81469.4456
80472.545 9433.8958
80475.1396 92896.2725
80544.6219 26193.6794
80562.884 74068.4004
80602.0563 78455.1249
80628.8631 59052.6791
80680.4809 66654.5831
80683.9297 3572.9926
80739.5948 82676.5005
80800.7307 87330.741
80931.5065 98560.2577
80939.7195 41609.0172
80948.2881 41965.2627
81052.8554 43211.1977
81089.5257 15491.9249
81137.3744 19350.9436
81139.8976 77058.1027
81140.1415 64438.2076
81178.4641 81707.1275
81217.3683 85968.1263
81255.431 27823.1871
81264.2676 71229.8335
81267.0695 91295.6163
81270.9454 27132.5424
81435.6173 71369.8912
81508.3855 41849.8715
81530.7804 14366.4812
81551.1908 21241.0795
81646.9925 96181.4531
81668.3163 70370.0285
81674.2674 51685.4753
81702.0378 71748.7027
81742.7112 67257.9868
81787.1139 51327.3049
81827.842 57906.3713
81862.8581 8308.7395
81918.4857 30620.3654
81963.3121 5638.5694
82025.7001 90301.4436
82124.4541 54405.9732
82138.3177 13199.4542
82153.4769 85319.9358
82163.8675 24810.5844
82178.3661 63434.1101
82202.7816 90790.8867
82214.6902 63262.5581
82232.3379 90973.7019
82290.9632 23114.3492
82336.5308 62596.7763
82413.5093 28398.9465
82420.1606 23081.6545
82470.0455 4581.1759
82501.0602 17606.7804
82511.6609 77563.7415
82533.6874 58170.9578
82544.047 12135.0833
82553.4225 18156.4683
82556.0888 75048.5656
82596.63 35067.5909
82650.4625 82847.1536
82709.2495 23542.732
82769.9755 32723.5468
82801.6527 79552.5554
82803.1342 40047.1918
82863.8353 40861.8226
82872.0084 66385.1113
82874.1504 80791.8954
82898.5289 59717.1789
83010.2942 85171.9658
83041.4737 18895.8658
83076.2959 89912.4142
83080.3442 80108.7984
83103.5071 50988.4303
83127.7838 92964.3041
83159.6139 80877.5071
83177.2371 64594.8996
83187.8309 43831.5569
83194.3993 69870.7704
83227.8113 10608.9609
83236.3597 87687.2549
83247.3177 74414.4766
83272.5654 92058.0281
83282.7971 8452.211
83309.6492 94728.2739
83390.8865 41537.9921
83405.4922 11988.0932
83418.722 61346.3242
83435.2637 71712.21
83448.1321 40709.5019
83448.2018 87449.4815
83460.7818 20108.4934
83494.8009 15941.6176
83506.8405 26058.0399
83527.6398 70706.3663
83563.4002 36375.7139
83606.5334 98165.4241
83650.2719 36769.5802
83718.0681 2819.6352
83721.9482 17831.9937
83730.6859 94707.414
83747.0477 4908.6454
83755.7156 8939.6728
83757.2149 56276.4296
83858.2802 50915.1104
83940.0029 52823.4581
83949.4998 38597.7927
83994.3491 61993.7457
84012.665 47730.0396
84025.4322 55925.6926
84035.8013 11251.2428
84063.0808 70477.3805
84094.8783 59854.1829
84102.8229 68456.5754
84105.0911 95599.1124
84118.2971 60323.9585
84171.3189 28307.6418
84226.4751 64123.4289
84336.5985 46615.706
84343.4468 41812.3593
84352.3605 61768.4392
84370.0415 99500.0
84389.4815 17174.7827
84418.4793 84062.8978
84426.1784 63818.2406
84483.6913 54596.182
84485.5532 53901.7594
84491.5162 24023.3511
84509.717 84646.208
84523.1309 34908.068
84541.2249 92502.617
84558.0336 51989.8934
84565.2626 4288.5013
84601.1741 57300.7041
84639.4701 43369.3685
84694.6768 61236.8754
84722.2776 40141.2029
84762.4003 79304.8413
84792.9843 68762.2157
84847.1451 61292.7649
84881.5373 62535.8987
84915.7628 2054.7592
84936.8763 15048.9625
84941.5335 10382.2037
84990.0563 76083.3689
85006.7614 9231.2248
85033.0338 73779.7027
85070.319 65148.7092
85075.3124 46173.6641
85136.3795 7405.8847
85186.6107 48536.9297
85199.4688 28153.9354
85210.6079 15862.7623
85317.8061 51612.8186
85387.0202 85666.1159
85395.7902 86502.1314
85412.5471 57512.6196
85434.6899 13998.5164
85458.6331 49674.034
85469.9034 33039.2445
85558.2267 25990.9688
85563.2593 42686.0043
85655.9065 3452.0152
85699.9181 76299.7533
85700.2994 24638.9486
85707.6387 42176.2193
85762.0997 10188.7033
85826.6215 94719.698
85860.2375 1931.7903
85891.7808 46417.8085
85896.4634 50544.5667
85907.4436 67863.4698
85917.4384 21669.8452
85917.8267 98271.091
85940.6441 87856.8802
86017.7792 18993.3469
86041.2171 71317.9353
86054.2062 90409.4757
86054.6351 29018.5809
86122.1257 85834.6131
86230.9323 31637.4056
86274.2452 7286.3058
86278.938 78090.784
86285.3581 73847.208
86295.1313 73583.4516
86324.5999 7252.515
86366.0376 46469.4593
86375.0894 71600.9098
86378.4024 22924.8899
86419.5965 20503.193
86448.8094 92771.1931
86450.6908 36301.15
86570.9197 22011.2692
86610.5862 42658.9428
86636.5829 33005.4392
86640.2846 56841.0832
86750.4255 83980.8247
86773.7451 81823.5256
86788.8445 10458.2932
86845.077 69986.4427
86903.3613 51854.8769
87020.3174 51841.1456
87031.6305 32886.4291
87036.0842 96652.616
87047.9799 33328.7992
87054.1556 94757.3823
87057.3565 61477.821
87065.9374 45453.3435
87087.6321 10339.4426
87099.951 17318.561
87112.8807 43176.131
87142.9055 97622.7035
87154.0595 99352.2586
87189.8133 15680.946
87226.076 9711.7775
87237.4215 41210.5884
87242.6276 39621.7377
87360.8801 56851.3665
87397.7837 89199.4105
87474.9037 12232.9523
87490.9005 80928.2515
87559.2817 49794.986
87605.899 16627.6732
87622.4582 38062.0582
87668.5737 87793.451
87725.3145 65486.7433
87729.3011 6902.1604
87739.6343 17295.342
87748.6863 85973.1234
87759.2789 15154.4458
87780.3901 44274.4709
87799.9871 20551.3097
87819.9652 25178.1708
87876.772 30884.2832
87904.3069 52503.3545
87937.4591 83174.5339
88009.1714 51192.4901
88011.2 48392.5703
88045.3788 63285.5721
88058.1944 33522.1676
88061.5814 96047.9787
88073.7195 76552.0949
88085.0608 78092.6923
88085.924 83100.1774
88110.5795 70027.7541
88151.2864 28956.7436
88275.9683 30509.124
88306.2725 82839.4062
88371.2111 99500.0
88371.3174 11299.1066
88373.683 38290.4977
88419.1845 22345.5872
88437.4779 3519.0062
88463.5439 68612.4044
88494.1838 5681.0844
88499.6844 73121.3825
88594.2884 18412.0112
88620.7662 59327.5215
88700.1247 65347.0299
88722.6081 48927.9422
88780.4351 52745.2851
88818.5514 46175.5549
88822.494 45047.3424
88870.0951 65085.8078
88976.0606 27911.2568
88996.1913 85366.4891
89014.4788 82707.8295
89068.0405 24595.5085
89079.31393260599 46880.39840917804
89079.46123922421 46879.58787735771
89079.85690566222 46879.69169939852
89080.23485765223 46879.578914831865
89080.45125953968 46880.66890664006
89080.46617492376 46881.7482602171
89080.49629084766 46881.32641998846
89081.13620584931 46880.53152690176
89081.63164629188 46881.689853573946
89081.84514305324 46880.26477300856
89128.529 99500.0
89129.2301 63160.1552
89251.3855 65298.8383
89297.1684 48063.7678
89318.6821 11415.8054
89398.5416 48496.6043
89405.0809 89806.7172
89436.704 95592.3012
89502.9391 83659.5551
89535.801 22780.5085
89539.1011 3681.7399
89555.8532 24731.6665
89630.115 21549.397
89663.3783 89116.214
89749.8402 10373.9698
89783.7125 45750.0219
89791.2985 75332.517
89820.8031 9443.7288
89838.7827 90682.3958
89843.4191 89739.862
90006.6066 85222.4836
90017.6785 23421.7429
90122.1214 41175.9043
90150.4926 7692.9767
90171.9208 63857.7254
90176.8671 98084.8332
90292.7916 33855.2249
90299.9568 56831.7956
90306.2417 58629.3506
90325.8843 48477.3417
90419.5928 39203.0817
90423.2705 30265.6496
90442.1616 68454.8342
90469.0269 71900.0916
90490.1628 18220.6443
90524.5717 56865.2486
90593.1504 13715.7549
90601.3401 993.5409
90640.2822 53701.274
90694.0577 33392.7477
90740.385 85456.9062
90752.976 83925.3697
90788.2898 42847.9212
90817.3534 70782.9377
90820.8494 57312.9063
90827.0194 12447.1856
90861.9784 49230.575
90927.6586 22010.2987
90984.117 76613.6675
91031.135 78902.3929
91062.7793 91828.0116
91091.4442 81256.5455
91093.5845 87908.1436
91295.8609 81085.6196
91303.7588 16255.4572
91307.2888 51244.7037
91319.9368 3257.3227
91332.381 92022.8714
91335.948 22418.6848
91407.7479 53821.6225
91426.7545 61126.0389
91453.9765 62640.0626
91505.1702 43333.44
91674.8942 50700.7716
91676.0962 9348.0481
91681.0515 65112.4217
91689.8782 95180.2941
91726.7662 98546.8664
91733.575 84061.66
91761.2328 76951.6117
91766.9385 79700.8167
91809.7125 71052.6156
91822.4341 11857.8762
91826.7249 90143.2455
91851.2983 97809.8336
91896.9546 86704.1715
91929.716 36333.8813
91937.237 42524.397
92002.9358 84437.7185
92090.6789 79931.7068
92126.3962 81499.0221
92128.9644 75788.2713
92217.4702 8754.5694
92218.9033 44116.2061
92237.4708 57122.8837
92283.813 56893.6704
92288.0153 31501.3314
92317.3188 48729.4106
92405.3151 40363.5791
92425.3992 57919.1552
92468.5426 47840.875
92610.6554 89183.0963
92633.4332 86555.7634
92714.3356 59855.0054
92733.759 91454.5479
92791.6345 85706.4923
92815.3541 65557.7625
92843.4172 65283.353
92878.3077 49100.0003
92895.7088 69295.5951
92940.3867 72594.2823
92993.3545 27521.092
92999.2594 99500.0
93003.7247 1766.8589
93024.4735 40165.5271
93027.4491 94007.6826
93032.7458 34023.3953
93084.7846 8033.683
93113.7077 85559.9333
93115.9247 32204.0696
93118.9925 77210.1785
93129.7619 292.4615
93185.1763 632.3567
93215.8094 73003.8144
93224.5021 59444.5578
93239.782 78494.2764
93275.2719 90661.9444
93304.6593 15998.0326
93353.9145 76250.7855
93362.2928 86832.6598
93467.2771 90695.6542
93524.7287 84394.6517
93533.2628 93350.4399
93533.8287 95772.624
93568.3553 78365.4555
93576.9956 68358.1742
93626.6501 81717.381
93638.9854 2836.1576
93667.781 90882.7305
93817.4638 61020.6128
93864.3971 31115.6918
93868.8691 15802.8285
93888.2748 40367.6589
93921.6132 10214.2658
94026.2745 96468.817
94034.11 9232.7431
94066.3497 42630.8092
94150.0705 49471.4535
94158.7277 60088.9648
94174.9261 95489.9809
94192.108 73904.2677
94225.4385 73260.0914
94227.6054 75967.3986
94254.9127 41110.6172
94263.9075 23304.6053
94347.8624 94378.708
94470.1071 17526.8875
94474.9616 84242.852
94521.3451 68437.1031
94606.9833 94843.4644
94655.1261 2598.545
94711.4054 10207.2806
94736.3696 25419.0977
94788.5827 62833.9671
94899.1236 14027.1121
94905.5052 99500.0
94933.6624 75704.2792
94958.301 44163.8606
94973.6011 50675.0716
95009.6 55078.6385
95047.6655 15622.8198
95056.6955 87424.8457
95093.4882 11098.2199
95155.8819 97261.1388
95184.9823 78528.957
95196.8203 90473.322
95219.493 31094.9774
95330.4243 14493.4882
95386.933 31770.3005
95423.0547 82349.5233
95449.3554 37918.7874
95501.6817 62186.6977
95561.8615 42787.0479
95607.3795 51060.3834
95720.4696 52805.5785
95834.6354 23444.3093
95916.2063 79742.932
95935.8054 44797.0241
95940.5298 63708.6901
96031.0246 70165.243
96043.5363 410.8847
96045.8613 9519.6624
96046.4979 76562.1233
96058.9134 26714.9691
96106.7964 34450.932
96113.7761 76796.7418
96135.2193 65118.1427
96146.2507 56210.2339
96196.2895 61095.4865
96230.7229 28100.4622
96311.392 38730.2572
96340.5659 39252.7972
96372.95763503951 8504.981436804723
96373.82406642688 8503.031984835545
96373.95877785355 8504.619319822981
96374.19837925008 8502.503309194464
96374.3285067518 8505.021924204544
96374.37635932799 8504.897693556135
96374.65016128082 8504.311918320542
96374.99715958361 8503.073358081721
96375.8429617347 8502.63499356033
96376.41947115526 8503.21606313126
96396.6801 39889.6951
96429.4112 91821.574
96465.2394 35145.9793
96499.3807 28490.4623
96501.4948 70783.4667
96509.9756 13109.0663
96511.9973 12396.9074
96588.4853 93828.2857
96634.4924 40661.067
96745.6939 71236.4377
96761.0719 4562.9629
96798.3978 5435.8157
96828.2709 18170.5519
96920.1725 60223.6628
97015.0672 24707.7241
97022.969 31463.8129
97059.3431 20663.179
97090.8706 32917.3636
97126.2863 45738.7959
97179.194 43920.2652
97204.5526 81003.9118
97208.8327 32613.3198
97226.1883 23377.6814
97233.1005 78423.069
97248.052 42652.2995
97277.2904 72510.865
97288.8448 46224.7695
97309.0295 15846.7279
97325.5115 70180.666
97453.6717 57006.0063
97482.0588 21375.036
97489.5651 61737.6325
97502.6007 21715.1558
97507.0919 80887.9435
97531.4309 90700.6873
97550.9413 30319.2337
97569.7407 9390.5777
97572.2756 58741.5255
97645.974 22619.0681
97685.2764 21542.8978
97689.2747 73895.9834
97705.1003 43089.0619
97739.2283 50254.1623
97753.9516 35668.8724
97847.4428 97096.1332
97890.8545 74862.4764
97905.5586 8409.8064
97909.142 55428.5627
97913.2727 98886.5816
97935.0806 83437.6014
97942.16830907845 26024.13763354105
97942.72051027385 26026.559654673238
97943.22325013054 26024.227180962396
97943.4082136481 26025.846111437146
97943.66465224279 26025.504099564023
97944.13861036701 26025.956821859494
97944.18261055478 26024.53648167018
97944.82610108523 26027.922753395258
97945.08519227886 26025.57298859462
97946.08255566502 26025.917579421814
98050.8544 8304.2511
98056.5195 61779.1788
98071.3574 84262.3428
98146.5237 49008.203
98154.7086 87051.3124
98222.3683 95877.9722
98228.6649 7227.2667
98239.8962 25254.5942
98286.5802 78042.8822
98287.7277 12310.285
98329.6411 42761.7471
98340.5143 78896.6925
98370.1969 99500.0
98421.4498 69356.7138
98425.1703 2866.3597
98535.3276 837.2136
98545.3315 17980.1997
98606.3586 16645.0446
98620.4335 92966.0724
98624.7541 21471.211
98687.2674 39112.9168
98745.1849 12813.169
98758.0741 52733.4181
98796.3934 2113.1779
98802.3594 54865.7362
98839.3589 99372.5875
98879.0726 70382.8118
98894.8071 34896.9712
98953.4684 73242.209
98954.8497 43449.6746
98979.2101 7613.1029
99008.814 94381.9213
99012.8665 42072.8513
99046.4902 2977.3965
99048.9073 60427.0622
99073.4508 64588.863
99084.4542 1372.832
99189.0576 10456.2297
99246.8104 18154.7163
99260.7219 76224.1602
99339.7611 30179.9694
99409.6926 7384.3337
99453.7245 78263.5064
99456.2812 58779.6835
99462.0811 23702.1596
99500.0 32154.4038
99500.0 9056.1631
99500.0 99457.3199
99500.0 23482.113
99500.0 79959.9593
99500.0 48024.3256
99500.0 71554.5769
99500.0 67158.2145
99500.0 34455.4109
99500.0 28108.4469
99500.0 98712.8402
99500.0 72184.5868
99500.0 14551.0935
99500.0 48220.4251
99500.0 97684.7452
99500.0 39257.6122
99500.0 37774.0028
99500.0 76473.3829
99500.0 74577.3085
99500.0 81733.6908
99500.0 27950.8812
99500.0 75017.3871
99500.0 59028.9664
99519.27103271504 55719.29784527665
99519.81726270782 55719.84268621747
99520.2334750095 55720.376139014945
99520.56282188512 55720.65244559597
99520.66983185775 55719.690091224686
99520.71430443529 55718.721321341225
99520.88336147886 55719.799001738626
99520.98622903072 55719.13887869668
99521.25811359058 55720.613815005236
99521.44406304444 55719.91013487998
