5.0 64.1872
5.0 5.0
5.0 31.5404
5.0 88.0964
5.0 81.6867
5.0 57.2103
5.0 55.0041
5.0 76.4457
5.0 63.3894
5.0 63.9617
5.0 70.5115
5.0 32.0854
5.0 41.2466
5.0 9.713
5.0 45.1563
5.0 25.6064
5.0 5.2611
5.0 61.283
5.4475 71.8637
5.476 19.9838
5.5784 38.8481
5.8837 19.2665
5.9312 81.9231
6.0294 11.1254
6.2724 31.8257
6.2776 57.4724
6.367 14.2211
7.6019 25.0978
7.7682 66.9955
7.9106 72.5661
8.1247 45.068
8.8738 67.7466
9.0814 20.8015
9.6059 49.933
10.28167489181904 57.729889224550824
10.32630856700179 66.11712370075078
10.64 5.0
10.6563 58.2215
10.7246 28.8019
10.7455 75.572
10.7657 59.5052
10.77470961172975 63.523003050382016
10.81909619295626 56.7584227507531
10.989543864757097 62.812017054348196
11.044568978982008 62.75655074047146
11.416501344716858 65.33750725930321
11.465695906140372 56.80930207666355
11.5217 95.0
11.6587 43.8566
11.7033 71.045
11.7607 57.0396
11.825817716910638 57.70158424614527
11.881862729301714 56.85227398778196
11.912098898716303 64.67984678863768
11.977441526247375 57.027445787470874
12.010870986766095 57.27874526296794
12.4336 5.0
12.4824 95.0
12.5658 56.2781
12.583892661385855 62.90532143594034
12.8991 10.0821
12.91283196744985 63.685628990787336
12.915320785185616 58.0803003240175
13.0202 72.0493
13.208856932082826 56.28395028403322
13.312044759703298 64.52082652640571
13.581506812612261 57.38606695801194
13.6259 47.6842
13.724277536173389 64.26173567924154
13.9272 70.2825
13.9903 61.1821
14.1237 93.8168
14.249 91.0084
14.8292 68.2287
14.8731 24.6198
15.2055 19.7583
16.3489 64.8225
16.4232 89.956
17.1973 61.2407
17.3956 72.5676
17.4154 31.2377
17.5864 11.7562
17.6953 69.6944
17.7799 30.5048
17.837 28.0103
17.8645 95.0
17.9406 78.3257
17.964 72.6273
18.0318 6.6978
18.3356 5.4977
18.9107 33.1104
18.9542 47.1251
18.9959 84.3411
20.4523 49.0368
20.7089 74.5055
20.9889 57.432
21.0604 44.3478
21.322 13.3454
21.5324 93.0243
21.6969 46.4267
22.1159 64.1937
22.4646 95.0
23.5542 58.9696
23.752 33.0987
23.8131 88.2825
23.92 38.9501
24.1628 5.0
24.5815 52.3772
24.61507218490494 44.63430154178071
24.64169248031833 46.034782431911346
24.9559 12.9436
25.141 5.0
25.1614 5.0
25.2277 84.4678
25.266065862587297 44.40813188618753
25.314533326711732 45.87709754462082
25.3634 40.2473
25.4986 85.1908
25.5614 67.1309
25.585081756314512 46.1075954758687
25.599050654044305 44.56977837739046
25.715339768621096 46.04436144871929
25.7694 90.9919
26.014676690864587 45.88473437026667
26.048 52.9672
26.0949 79.7112
26.351586555854897 45.58821408227823
26.39 80.4958
26.6198 14.2328
26.7339 77.5035
26.9548 54.8205
27.105742566660382 44.09248759316098
27.1063 68.7094
27.6667 30.1546
27.68 63.5478
27.8835 72.86
28.4712 84.1477
29.1192 64.726
29.1278 95.0
29.6861 5.9336
30.136 71.5869
30.8539 50.9159
31.5277 69.6116
31.959 90.9094
31.9693 15.2541
32.3932 88.6067
32.8828 72.2199
32.9123 26.6117
33.2521 13.3946
33.4806 73.4735
33.5408 62.2519
33.8206 22.5235
34.4884 63.123
35.5594 31.4726
35.6186 5.0
35.8199 68.3283
36.6261 20.0094
38.2803 27.4962
39.2197 67.6441
39.7216 5.0
39.8373 77.0881
40.0677 42.5751
40.3256 21.6951
40.4157 74.1884
40.6108 95.0
40.8309 77.5638
41.1037 39.9089
41.8838 12.0548
41.95422818833655 76.7169054311303
42.0176 63.4194
42.1062 68.5338
42.2116 16.4061
42.2433 13.7046
42.3885 54.0084
42.43851654728149 76.56526719512071
42.45352181521609 77.16191666635545
42.64349316255528 76.61067669599936
42.8397 85.9274
42.859873996196185 78.878439224272
43.0685 13.4723
43.21038548466206 78.6667967829822
43.492916349933445 78.76558779626923
43.638178479993485 78.78002619697635
43.8141 73.5882
43.973533294744854 78.31074990015092
44.25814279150432 77.29946459236584
44.5733 58.4348
44.7746 51.6567
45.0499 37.3808
45.0692 28.3371
45.3912 25.8272
45.4319 74.0842
45.5688 11.351
45.8277 47.7652
45.860275498162444 38.03461612299468
45.886664153066235 38.78579629506072
46.0475 75.6933
46.5578 40.3932
46.724442413272406 38.035823429562704
47.02555886218647 36.46646250517529
47.06840591510956 37.8058174071122
47.47211953247686 37.08298002416493
47.5343 8.0958
47.73729160878143 35.729932143658395
48.3504 62.315
48.50833744134582 38.702358817673286
48.5485 30.1422
49.07714039709507 37.7076535153441
49.132469684439705 45.4564903551902
49.379847329946884 45.445810266117334
49.43589393905833 44.473012293969916
49.58045160432415 42.85928642884539
49.61835356991945 44.159904394391745
49.697359961146525 46.16686531306864
49.699559983186596 35.01152461220182
49.7052 58.2461
49.71349089811136 43.6955917829707
49.84328856084218 32.18636024712531
50.1297 66.7473
50.2215 48.4689
50.5193 22.1282
50.780580052175985 32.49242068073578
50.81310507877413 44.20016667979418
50.950658296849674 32.103760779326144
51.1505 11.9587
51.18976677488606 46.46706550392269
51.294 34.1297
51.415556880905534 31.530526279634675
51.757897544477565 32.1918046611821
51.8036 57.8859
52.02951291876424 44.496039242683665
52.24196923437297 32.320340576075154
52.32667211644013 32.15278614106726
52.79559654825365 33.02136259886328
52.9817 41.8807
53.21712607499667 31.722652281226928
53.2241 34.5759
53.98161156786899 32.41374091329538
54.6708 36.7825
54.8249 82.8268
55.2986 30.5469
55.7154 63.3383
56.1275 66.8138
56.6797 11.2918
57.0167 8.5268
57.0586 24.9964
57.3621 5.0
57.4152 69.4083
57.5031 48.8515
57.8153 78.4528
58.3011 38.5252
58.7074 95.0
58.8157 94.6075
59.1991 27.0722
59.4779 38.7737
59.9006 71.7332
60.3867 58.7214
60.7996 5.0
60.8627 91.7585
61.3995 17.3717
61.495 39.2867
61.8337 57.5418
61.8411 47.6109
62.4452 55.5406
62.4971 8.5461
62.6805 85.9594
63.4156 82.4794
63.446 86.7792
64.0781 59.8833
64.299 42.678
64.44 94.8309
64.4663 68.0251
64.5355 95.0
65.1694 12.8594
66.001 84.4427
66.2211 25.8979
67.0177 77.6758
67.029 27.0563
67.1972 14.1875
67.7963 50.6493
67.8367 25.3876
67.9614 9.3268
68.1421 75.4891
68.4542 78.1998
68.8145 42.8765
69.6087 71.7886
70.4482 87.5048
70.5345 46.4674
70.9132 54.0937
70.9629 8.2459
71.7177 88.9922
71.7276 95.0
72.257 33.6474
72.4406 30.5587
72.5346 56.3473
72.6848 50.4113
73.3656 79.6582
74.6511 72.4071
74.8065 61.1043
74.9032 11.084
75.043 49.7051
75.5635 38.5617
76.1517 73.5795
76.3759 52.7318
76.3956 62.309
76.4751 28.3859
76.6481 93.4181
77.2355 74.8819
77.7442 8.585
77.9234 40.0748
78.5627 70.5751
80.0934 44.3679
80.2171 73.6407
80.2443 41.0429
80.3403 46.3324
80.5662 35.7323
80.9022 91.4898
81.6086 41.9198
81.7395 79.3851
81.8283 89.1761
81.9858 41.3201
82.0785 34.6309
82.1229 5.0
82.1847 64.6829
82.3984 31.1002
82.5622 16.9772
82.5933 68.323
82.8157 27.635
82.9386 68.3298
83.0145 91.589
83.0519 73.8447
83.0665 18.7715
83.4511 45.2885
83.6909 18.0825
83.7661 70.8987
83.9733 94.827
84.4228 61.5024
84.5769 57.4254
84.871 89.9142
85.1495 92.3768
85.453 95.0
85.72866337633158 25.29890082987566
86.18238627152859 26.3832535821208
86.303 55.8467
86.4436 15.5141
86.7413 92.4577
86.8859 80.6227
86.9795119845118 26.52506805417339
87.1085519952787 26.25714183729066
87.1488473895918 26.129008379913465
87.2270687733161 26.38105416870129
87.6268 82.3759
87.79581796208976 26.373492764911465
87.86536234333452 25.55542785078425
88.34586032253742 27.632151915551777
88.44575107947986 24.65144166413026
88.5264 95.0
88.549 8.4955
89.0054 86.3915
89.286 33.198
89.3225 58.4252
89.5174 48.3233
89.614 66.8025
90.5259 91.5268
91.0101 11.994
91.0952 46.2456
91.1295 15.4471
91.3228 90.3077
91.4494 77.7753
91.5026 57.9595
92.0648 23.3056
92.2319 23.3369
92.3036 24.4911
92.4794 40.5102
93.303 95.0
93.5351 90.1128
93.6203 31.4892
93.735 35.181
93.8232 31.4857
93.8393 78.6006
94.2904 5.0
94.8414 75.4677
94.9679 47.7126
95.0 8.1541
95.0 11.3015
95.0 94.0382
95.0 94.3461
95.0 35.4748
95.0 53.5727
95.0 57.3016
95.0 21.6798
95.0 70.5104
95.0 33.9128
95.0 14.6812
95.0 6.622
95.0 24.7612
95.0 65.6028
95.0 26.163
95.0 5.2475
95.0 84.1528
