5.0 25.7958
5.0 95.0
5.0 69.0026
5.0 86.1294
5.0 80.3074
5.0 15.1686
5.0 73.0243
5.0 38.6279
5.0 5.0
5.0 54.414
5.0 35.7182
5.0 95.0
5.0 38.8656
5.0 42.9492
5.0 67.8835
5.0 95.0
5.0 22.9091
5.0 85.6831
5.0 62.6287
5.0 90.338
5.0 45.3105
5.0 5.0
5.0 5.0
5.0 66.1811
5.0 22.5813
5.0 7.3504
5.0 81.4354
5.0 95.0
5.0 5.0
5.0 85.5292
5.0 74.3321
5.0 32.7428
5.0 51.2192
5.0 43.368
5.0478 33.7816
5.3126 29.1164
5.4317 34.5567
5.4461 30.2583
5.5819 44.8774
5.6628 29.7484
5.795 25.6608
5.8066 14.0639
5.8894 9.1949
6.0207 24.7062
6.1902 13.8036
6.4251 95.0
6.5429 71.7039
6.7855 5.0
6.8097 46.4531
6.8836 85.2446
7.7085 20.595
7.9613 30.546
8.0294 57.6373
8.0464 59.4276
8.0842 8.1915
8.1234 65.1997
8.262 48.2072
8.6969 78.3964
8.7128 35.7463
8.7493 11.6879
9.0107 80.0069
9.0161 5.6184
9.0459 30.07
9.2848 50.4844
9.4659 71.5831
10.1279 46.9128
10.4014 40.1782
10.4957 51.0631
10.5548 21.9658
10.688 74.4603
10.7165 16.125
10.7512 30.9958
10.8064 17.8903
11.036397616539693 53.668552243074075
11.1644 27.2288
11.1983 45.8913
11.3253 90.4814
11.396 37.2029
11.3984 82.8681
11.4527 79.7881
11.4574 77.3051
11.5739 9.9847
11.5758 95.0
11.673 33.8679
11.905723009070066 52.77130044948965
11.9086 25.7969
12.0591 44.0019
12.3223 47.7968
12.4048 11.0031
12.50626884228125 54.58375305109005
12.6166 25.3411
12.9115 51.6583
12.95804342854082 54.82591400086845
13.020830993936933 52.35992920710087
13.0405 40.3137
13.114831842210013 54.21175403700474
13.1776 15.5577
13.2055 90.7543
13.2291 94.215
13.2698 16.0367
13.561 75.0927
13.5641 49.162
13.7095 77.0318
13.8307 5.0
13.9006 84.204
13.978 29.5764
14.031144447922816 52.29240071633185
14.0536 95.0
14.3253 69.9894
14.3299 36.2672
14.551841482805933 53.870092113537275
14.6516 44.9515
14.762 18.4035
14.8533 42.8451
15.147176465516214 52.66764980735231
15.200184971158295 53.68544536622003
15.421 70.9187
15.5762 29.5645
15.6345 32.053
15.6675 43.6959
15.6839 47.736
15.7775 41.4741
15.8237 27.6056
16.1345 52.8979
16.4135 56.6596
16.6573 91.4035
16.7696 92.4683
16.9111 8.834
17.1593 69.3931
17.42 43.9254
17.4814 5.0
17.5609 38.1889
17.6458 7.3628
17.7834 59.3644
18.3164 10.7253
18.4627 6.9033
18.4868 84.0247
18.5915 31.2776
18.732 42.3385
18.9158 5.0
19.2465 93.9808
19.4478 61.5808
19.4935 34.7397
19.5594 54.8882
19.6739 92.1312
19.8063 76.0531
19.8101 43.6118
19.8948 85.685
19.9078 95.0
19.9403 64.3073
19.9482 89.353
19.9739 8.6573
20.3647 9.3675
20.4762 67.1372
20.5277 64.3187
20.9992 77.8492
21.0153 16.5113
21.1529 82.0991
21.3187 89.5709
21.405 36.812
21.4326 7.7688
21.7908 90.3172
21.8769 75.2496
21.9614 87.3111
22.0797 43.904
22.1195 15.0857
22.2864 21.2727
22.3199 57.9419
22.636 5.0
22.6773 38.1412
22.7439 49.5816
22.7994 60.2642
22.8756 84.1498
22.9558 49.5355
23.0728 79.3884
23.0772 87.2667
23.1424 69.775
23.4086 77.7876
23.6164 73.0986
23.6353 8.9812
23.6711 77.3116
23.7234 80.5717
23.7368 88.2522
23.7832 12.941
23.8267 69.0873
24.0193 9.0447
24.1746 75.8625
24.7443 39.4621
24.8613 54.2409
24.8905 24.9197
25.0777 15.7439
25.2593 6.9434
25.5663 9.592
25.7422 94.6442
25.7475 91.3582
26.3403 12.2336
26.5215 95.0
26.6601 71.3847
26.6896 73.7128
26.7888 23.5712
26.989 19.5146
27.0233 95.0
27.0413 47.4488
27.2526 56.6517
27.4208 51.1021
27.4295 70.9106
27.4795 60.1052
27.562 93.7849
27.7639 31.0467
27.909 12.068
28.0013 9.4616
28.0921 74.2448
28.4035 36.2491
28.4275 88.5257
28.5266 5.5106
28.564 63.6696
28.6891 84.3045
28.8146 84.1399
28.8735 72.08
28.933874600089446 60.45841090685672
29.3009 14.1263
29.5076 18.3339
29.5904 5.0
29.5962 88.3936
29.612377877399414 60.655208839947086
29.63276763667355 60.93469502239078
29.706824323170117 62.05203653013284
29.754 48.3294
29.8729 29.1354
29.8827 75.7537
29.907871792764585 62.178709087436744
29.973 51.2334
30.0211 39.6442
30.0871 5.0
30.09383893361993 61.88004292094431
30.293 21.3313
30.3063 24.2076
30.3279 81.6368
30.33657665248601 91.31206581367833
30.452748233245813 59.75640456506649
30.4573 58.4056
30.4885 47.5445
30.5025 59.0144
30.533328729395283 91.1676391834045
30.68491137130225 88.37325072778356
30.7379 35.3785
30.741744775204314 89.04581084093842
30.7937 53.9752
30.7947 11.7472
30.8298 91.9949
30.8687 95.0
31.036353408745384 60.176478979376476
31.112784379784415 62.97490052259001
31.3378 33.2855
31.4927 63.6491
31.5127 27.0225
31.692653838004638 62.42750867962203
31.763432941880314 89.35968017552685
31.8273 51.9797
31.878 65.0003
32.03496937037824 87.40821208786548
32.1167977908283 91.22258264840869
32.1465 24.9216
32.2816 95.0
32.5512 16.5016
32.61112013294863 89.02133682618849
32.62445872775835 92.0467042158356
32.9231 5.0
32.98755749385491 88.67656813627922
33.0008 24.0541
33.0719 77.383
33.1844 6.1431
33.3036 30.3367
33.5385 5.0
33.9708 49.5049
34.2643 12.9577
34.3055 29.2321
34.3993 67.6993
34.4239 19.8417
34.5237 5.0
34.6347 5.0
34.833 80.8963
35.0495 42.9196
35.0656 56.3191
35.088 90.5844
35.1214 9.344
35.1653 75.4648
35.5772 79.4309
35.7558 92.7619
35.8313 5.0
35.9062 95.0
36.0485 82.5465
36.4798 36.3084
36.6329 58.9907
36.6947 34.9296
36.8305 42.0321
36.8342 53.9539
36.8694 70.1173
37.0535 30.635
37.2369 55.2598
37.3341 67.4134
37.7642 42.8747
38.4031 25.7303
38.4114 94.4261
38.4122 39.6118
38.5114 16.8073
38.5986 5.0
39.0586 31.4019
39.0956 17.2844
39.1405 43.4687
39.2529 9.346
39.2891 89.9694
39.3419 86.4479
39.4858 95.0
39.8776 38.7142
40.0212 72.2916
40.1133 84.8205
40.1798 73.1028
40.1959 51.5589
40.457 75.6835
40.5379 13.0176
40.5404 95.0
41.01682758110609 71.99377049806958
41.049876408300996 70.7826221088372
41.0587 66.2799
41.2134 5.0
41.2136 32.5809
41.2237 25.3179
41.2395 43.0819
41.25355894291646 72.61978240500845
41.3305 53.5469
41.465876630363326 72.5438802931842
41.4953 83.0128
41.4964 94.5427
41.698454889728445 70.90950416154482
41.85950707131432 70.84880912222455
41.9057 81.3858
42.11363614721386 72.58735833262728
42.1412 14.0235
42.2263 5.0
42.7245 57.9023
42.80453679068233 71.38619966111622
42.871 25.8422
42.89501630760208 72.86180927659565
42.9926 83.8847
43.0881 39.5404
43.115114901266125 72.36726355461217
43.2186 75.9808
43.5655 33.0971
43.9605 16.6202
44.0737 69.3737
44.1833 43.4014
44.277 55.3748
44.3146 5.0
44.3177 17.305
44.5387 5.0
44.7735 95.0
44.8393 33.9976
45.0385 73.6048
45.1172 18.6496
45.591 15.1484
45.6698 41.6898
45.7271 65.0231
45.785 13.0212
45.8514 51.3123
45.8724 95.0
45.9637 62.6124
46.8881 83.1045
46.8989 95.0
46.9785 59.8256
47.1029 87.8797
47.1696 63.804
47.3443 83.8348
47.372 77.9403
47.5132 29.2798
47.6685 55.6621
47.7221 10.0171
47.9469 5.0
48.0688 93.2302
48.1234 9.1093
48.3061 94.971
48.3683 44.4079
48.4021 84.4386
48.468 63.934
48.4937 25.5061
48.5353 58.0064
48.5755 78.5306
49.0942 72.0891
49.2474 87.6607
49.6118 65.6938
49.6327 37.1985
49.8507 22.4797
50.1628 38.638
50.2022 58.3831
50.2669 43.1394
50.3575 95.0
50.451 17.7767
50.5059 90.9663
50.6804 47.4787
50.6979 81.9036
50.7601 64.4327
50.9335 47.9549
51.0332 95.0
51.1209 89.1763
51.6722 35.6036
51.6786 88.1434
51.6789 62.6144
51.7495 20.3439
51.8787 19.4312
51.9411 13.4287
52.0175 19.8417
52.0528 73.6355
52.6833 78.4739
52.7147 80.4383
52.8854 69.6308
53.4558 59.0201
53.7354 25.0424
53.7832 75.4724
54.2544 14.217
54.3465 33.7755
54.7586 81.9287
54.9704 52.4426
55.0661 6.4907
55.0806 83.8577
55.3086 62.2746
55.7578 56.5507
55.8604 5.0
55.9076 61.7105
55.9087 12.251
55.9125 16.0853
56.0886 17.7161
56.1557 87.7335
56.2629 5.0
56.2847 26.3756
56.5126 58.9348
56.675 53.3471
56.8077 5.0
56.9271 6.005
57.3029 79.1757
57.3776 29.3832
57.4633 95.0
57.5556 90.8448
57.6091 29.1154
57.6284 24.5932
57.8136 85.3934
58.0331 18.4572
58.1027 24.4422
58.1501 36.4884
58.2223 29.5819
58.4196 70.885
58.6022 5.0
58.6321 23.6357
58.9809 70.4186
59.2144 83.9381
59.354 78.1852
59.562 26.8336
59.7092 5.0
59.7372 90.2832
59.7837 26.2216
59.8174 88.592
59.9645 90.6672
60.0807 93.6271
60.0954 64.5228
60.144 9.7272
60.1987 82.0611
60.3163 78.1061
60.3592 22.0581
60.375 9.4686
60.5578 51.3467
60.7947 5.0
60.7957 21.3975
61.0428 52.387
61.1827 92.891
61.2729 84.2738
61.3003 20.7448
61.326 64.9465
61.3935 95.0
61.4196 83.7915
61.4702 36.8027
61.5502 88.6955
61.5737 5.0
61.7045 14.0599
61.7767 51.3138
62.0836 18.1591
62.7988 63.3276
62.9091 20.4907
62.9897 50.6835
63.3648 74.8804
63.6994 37.9157
63.8035 5.0
63.9629 5.0
64.0605 45.6194
64.2415 70.062
64.5072 5.0
64.5489 15.3067
64.672 5.0
64.821 25.0846
64.8279 31.1442
64.8346 6.5029
64.8905 50.1746
64.9937 75.5407
65.0114 5.0
65.0397 60.1039
65.1786 63.7921
65.1995 78.8554
65.5727 80.3568
65.6695 77.1425
65.6862 17.153
65.7041 93.306
65.7549 52.2426
65.8333 84.0562
66.2822 93.567
66.3999 23.9275
66.7891 26.1714
66.9574 95.0
67.1257 70.6331
67.2786 71.415
67.3467 15.9194
68.051 47.4867
68.0574 19.3254
68.0673 12.487
68.1992 71.0815
68.33332507626547 42.24718747525323
68.4352 91.432
68.536 95.0
68.6495 35.662
68.6869657758106 72.15182116025775
68.7389 21.5133
68.73938968064095 72.06284291992527
68.8339 37.521
68.9948 9.5189
68.99571738490701 42.82004080121952
69.10772874709521 43.6612340896937
69.1775 18.9029
69.27321421850723 73.46662857001168
69.389 10.462
69.48640189485403 42.55640367462584
69.5754 27.6719
69.60845072688196 41.08681686740926
69.6383 76.0948
69.68460436219551 43.40242221565965
69.78330034484986 44.82169703984496
69.8495 48.6643
70.0084 7.6559
70.07770069899067 41.81609081540841
70.34647096469575 71.9381937576175
70.43 47.4829
70.4404 9.7776
70.44526585295418 72.10510900138816
70.45512792028012 73.59953501336204
70.4590503715725 72.0479545625268
70.5037 29.1663
70.5368 94.3605
70.56964609192748 41.607371715404845
70.69321181145659 43.682203085476
70.739 63.9373
70.81694568916032 72.43522097446282
71.16215087919389 72.57510662543076
71.4375 48.19
71.4988 5.0
71.5418 32.3073
71.725 48.701
71.734 15.4814
71.73477234090026 70.80271741988288
71.753 93.3449
71.7766 5.0
71.8237 75.6382
71.8348 25.5168
72.1755 29.1876
72.3634 18.641
72.73240448233733 10.859693622505105
72.9069 10.7015
72.9452 91.7055
73.06519942674248 10.618432266074223
73.1044 58.6216
73.2074 56.8395
73.3894 32.1566
73.4937 71.3128
73.58444298231748 20.721025796408863
73.7978 95.0
73.8926 5.0
74.16796184755142 10.15529129817503
74.2591 5.0
74.35709429264084 10.273558374259064
74.4864 55.7295
74.59605732013421 21.016497139980064
74.6349 38.7069
74.71851144039594 10.930567759931
74.75207248352534 20.823432931378523
74.98684759758174 12.433241883214695
74.9994 94.7484
75.0465 17.6042
75.11311583067237 11.461906137421419
75.2830819034381 21.403005259927333
75.30905433977134 9.36738168980008
75.33865940262226 21.163391518394935
75.3521 88.9733
75.38519004418714 18.99233327220981
75.4492 43.7123
75.5178 95.0
75.7286 17.7789
75.78879780337982 11.278615127728667
75.85641882529552 19.843804333910864
75.9239 32.2351
76.02366719870548 8.629456170933192
76.06134094323825 20.8482040424109
76.0965 21.5327
76.1238 69.2458
76.12520125965973 19.84325893082731
76.2067 83.9887
76.2442 8.2437
76.3761 36.3393
76.39476024698273 20.280526911384282
76.656 32.1142
76.9012 88.4719
77.1071 73.2795
77.1321 5.0
77.2045 24.5864
77.3212 13.1472
77.8956 79.5963
77.9341 35.7826
78.1949 71.8603
78.212 43.5021
78.2715 84.8509
78.3891 26.7852
78.475 47.9336
78.8212 33.4797
78.9189 90.9222
79.1792 51.1216
79.3154 95.0
79.3269 5.0
79.3273 41.2276
79.4376 47.0394
79.4418 11.1435
79.4712 88.7432
79.5463 53.2506
80.0852 20.7927
80.2648 24.207
80.2776 62.7562
80.3008 51.4764
80.5223 52.1647
80.6691 92.8519
80.6819 78.7037
80.7867 27.4068
80.9367 80.0694
80.9892 40.347
80.9972 80.4773
81.0934 91.0402
81.1138 53.5954
81.1537 32.4562
81.1598 77.9552
81.2621 61.2526
81.3309 77.2757
81.3316 78.4867
81.3622 56.1536
81.6045 94.703
81.7616 89.5745
82.05990701342718 30.603637640821333
82.1106 15.1152
82.1216 28.8253
82.4569 28.6019
82.5322 43.4238
82.5534 23.6829
82.6123 25.1374
82.8491 11.2598
82.8706 38.3895
82.9402 73.6383
82.9665 19.6642
83.2085 5.0
83.3067 66.468
83.4567 81.19
83.52618263013565 34.542759387438046
83.6746 11.3168
83.8171 71.2031
83.8261 59.9052
84.0046 59.4257
84.11650299858533 32.90398685009108
84.1814 8.7837
84.2206 5.0
84.2606 60.4922
84.3458 5.0
84.3458 13.6034
84.38832916994546 32.955098332907596
84.4358 22.0146
84.4619 53.8148
84.7274 83.8235
84.8281 71.0811
84.87265428515994 32.36821293268882
84.8764 74.2675
84.9168 55.9057
84.9782 45.8514
85.0822899690094 32.63755113084966
85.23696733472434 32.941741373170494
85.2646 95.0
85.26578824541622 64.57032271676293
85.3101 34.4121
85.3155 52.205
85.43413922935649 33.35020117025777
85.5242 56.7846
85.62546085022554 32.422850491257236
85.7542 5.7941
85.81685859842341 34.524242171159955
85.8649 82.7903
86.0687 19.1752
86.2914 85.0369
86.41821620177694 65.76395618452
86.4765 63.4064
86.5553 31.0284
86.59596245683856 65.18918149109356
86.6132 7.0633
86.7074 20.5517
86.7365 29.2259
87.1005 14.6471
87.1052 27.4627
87.1103 17.9511
87.14228893193442 64.50584585715833
87.2305 44.8525
87.25178389837866 66.01969080471831
87.3585 64.6726
87.5524345394395 67.44671368048222
87.8097 41.7509
87.84269361369554 63.7415061045146
87.8466 88.0792
87.90795157735178 65.72169570919957
87.9915 76.3241
88.0462 95.0
88.2101 95.0
88.3162 24.2864
88.4326 95.0
88.4903 95.0
88.508 32.2421
88.5191 89.6418
88.5314 25.3053
88.5827 36.5365
88.66750422325964 66.5916731673151
88.96046445775873 64.44559953583328
89.2269 30.9105
89.31 5.0
89.4142 55.5049
89.4266 33.0281
89.6699 37.3275
89.728 5.8822
89.8024 94.0707
90.0295 95.0
90.0782 60.7816
90.0826 90.7285
90.1141 81.3583
90.4479 79.618
90.8649 31.9236
90.8783 70.7328
91.0231 58.1058
91.13 40.0877
91.4927 24.3875
91.6408 20.3408
91.7774 71.4576
91.8296 95.0
91.8495 95.0
91.9541 20.5501
92.1593 15.2624
92.2233 92.5357
92.4232 33.1804
93.0816 15.7969
93.0916 14.6769
93.1926 93.1179
93.2084 69.1084
93.2405 5.0
93.3348 65.4598
93.3474 5.0
93.6262 94.6173
93.8514 70.7296
93.9266 72.3294
93.9753 61.3404
94.1055 22.5478
94.178 5.0
94.2687 58.9265
94.6931 95.0
95.0 44.0774
95.0 48.9637
95.0 95.0
95.0 45.6305
95.0 12.4931
95.0 36.7344
95.0 69.193
95.0 56.6271
95.0 74.3538
95.0 31.7002
95.0 73.1332
95.0 8.4621
95.0 43.5338
95.0 22.8782
95.0 59.8936
95.0 71.8231
95.0 38.0001
95.0 23.9705
95.0 58.8782
95.0 51.5924
95.0 54.7598
95.0 68.095
95.0 95.0
95.0 95.0
