67.30206500242359 31.51343250928879
53.59788439839009 46.6239021908678
20.186640400798336 80.80586700362798
73.86855723927644 21.57005330997507
16.843576380332323 56.56018838409445
21.468249828493384 77.1206307235034
65.79380304192247 34.527628681257646
37.06087423990258 52.94290351586649
25.952663816163412 52.753670644442266
13.882819981359194 71.07298920870403
34.359869062931494 56.849377394482005
9.705659075129098 73.20919196668515
65.81378650570565 39.26868065600551
14.264069582486858 68.01126285715435
9.220288666662038 91.63650161149516
61.27847754303318 38.36528921426107
20.0849415741896 83.60687200794479
67.99828060998163 35.42696749142501
66.2247304714701 32.85842317379597
23.217155020671814 75.36361347458023
48.24619288161939 56.343575765369344
29.38818754020479 72.12369870634242
25.802833306397716 45.602926630439526
25.92558927982273 72.050706526683
25.299209623831636 73.2069235228058
21.793073468839715 81.22118896253906
54.77408107561245 46.54890958519129
33.45513366143081 60.88745088577753
16.084024277288364 84.78936419407592
47.807523968617254 53.68952752497201
9.47896073521762 73.69251693449155
54.6587122810479 50.15342095065425
57.80273097421748 45.01999363212049
23.805905621850762 82.36417842669388
26.471238383825803 73.02687580590495
11.02713526856033 69.71079049645004
30.608431449203994 64.10066910079642
28.747272608940385 64.65615091403671
21.670343018563628 75.53829462293794
25.086834022593465 54.92249944401359
13.118492000855472 88.28820773242657
14.699864256735843 90.96775932003197
51.840914208573885 54.464895303633334
10.915046801044204 68.73335177880124
24.709431856339524 52.57267389098726
77.20406897622907 18.498108720311485
16.787548387582607 58.291345853007385
55.08824266632552 48.297581114012864
67.17844153691973 29.931753802138775
59.86317261840533 41.507372395493036
58.66892979876081 40.10192272571068
19.57272186738953 84.33836747859148
34.21093746078203 37.66772355427202
22.95478188988135 78.54357233905361
47.45337629289785 60.49381061762798
20.105535774848367 59.14609444630869
68.97759453356518 29.19858065591913
57.814991319199045 43.552060207409525
18.052171492404057 54.633787818310026
58.837843991060616 40.56619722241184
-2.4100452464369937 85.75867239118867
69.40703429301963 29.210478939582494
68.54918877724451 31.85615058299262
20.616258324094172 85.17652615460746
12.68963005614761 84.16455686374633
27.108697719335673 45.753034846965576
62.294005433181034 34.83581254479236
56.644276136519764 48.38924315665956
26.74885595204673 71.28009422364306
27.634301613362105 70.9378866683008
34.41206821326749 60.0399803018658
7.042721198367072 77.3328187106023
56.89987096291474 46.67220662935265
18.746874740501234 62.07084417348192
63.39008958444432 27.985894429447463
22.415101338915516 82.58987526285131
49.90011861746691 52.44965859449127
56.020355178851304 53.06840569597976
24.845849878772995 74.17507551490093
60.08935632944491 39.35229637863649
18.675191254985396 58.395753545522396
13.241801058967631 86.93074815057129
55.718437262208845 50.09471320719975
33.763978994877284 64.66362188233533
62.21513195050292 39.89598141771819
63.83774834715953 34.22767758890381
60.071021311714446 38.761265110389076
71.24624239092269 28.469539155733216
56.455836173130706 44.74624934651415
29.684457995003825 65.61414156245834
19.058078142513896 61.78558899773265
30.45515583110288 67.10686014268198
21.134468645942807 56.67264332963715
20.049128391547903 54.61894061212284
34.08266756568131 36.210588833507195
30.10357443606944 69.38458770978728
14.339863459154692 62.16899701728906
8.59249073115719 70.66243322983196
13.213755475108972 67.44481113262192
31.56987919903056 72.15370707576827
8.838147200452822 67.18082535735665
66.12499634279342 36.49484770757607
60.364001721138145 35.73549531619173
65.11614545374945 27.65642993920546
55.58006331515122 45.52106737667038
19.02729343159701 58.133398119872915
61.810451079892644 41.85982111200444
29.845144998625145 66.08157960599725
20.593145075213656 80.68155460791485
25.38214843444209 69.84782959185549
15.397020317826327 85.87278810930952
71.24331509671944 24.364585997599285
48.67366631424958 55.36012461658679
66.98923122238261 33.08757147207737
19.889185097117444 80.31864620534634
5.49219143437929 79.69224915619833
64.84151799965157 42.46586168427229
36.04231251810951 52.78521077192743
23.819977137580647 52.33828021694592
18.19450116840169 59.80411758713512
13.797275332218163 62.607615981985376
6.920649219962671 100.11125714771273
14.135437339314842 88.232311940342
22.40420374647702 79.96562413655431
6.613813417521568 79.4399222670609
23.170847734582047 51.312406448963685
15.358772596886968 85.10176051581915
61.31292626346044 40.125877257685964
65.54913171382856 36.149112254877714
11.875335838760606 92.39837947228709
32.93107956403258 42.39574175915823
27.386432264241645 73.43114807390991
58.21518673853148 46.278301886233066
26.1673785991422 65.86533257160343
57.435122805909735 42.767255663980336
16.578556322023626 58.92115384064741
20.983336097159906 53.75257961639978
48.20935600962539 55.96984817980939
0.25301656880504453 83.41464509871616
52.96222157161036 47.06070073926662
19.72649341927104 86.19767164906813
60.81948232876699 36.88949057376789
12.279274102441025 68.11868035336181
22.85163211490564 79.64905931197391
22.228780204178193 76.1525859291955
31.789926181884436 64.96499435180927
60.19743204545694 40.67271315688687
24.775774310576693 44.18112451809417
2.670566906847016 78.31220886558087
18.20787483684759 88.45148442705681
56.20898922696153 46.231051712453294
23.588045540855866 75.09899010366101
16.39538583918558 63.58355694307541
29.810680207474782 43.93286423560605
59.089526924888204 38.35069462660723
8.852580267706776 73.202028912441
17.7487900066531 56.14648022012831
19.607991129011857 53.943643205106525
51.763058007251985 46.30121945386978
62.148321253795714 35.33218158934913
23.148679528463447 80.26208212812625
19.525817599861238 58.129184125226196
20.9228203745702 78.55638071748926
15.481028867330231 67.80077989943794
72.10617557047527 25.412834324312584
60.29220624062574 39.18528878937682
19.95354757097223 54.89359600046855
33.0662966377261 62.17774256605141
66.76010906190484 21.862512790030323
7.9077668219495045 77.11526589579763
18.835324559576417 77.26907895276332
63.49293934308059 39.235089408253494
16.276660325400695 87.11412906588527
52.203415551187106 50.83836986251792
54.5153995977837 45.09306519094585
22.56760597220467 53.03477922819836
31.86477788015783 45.06789171550062
15.232518093790226 65.1307812246909
59.306285007055315 45.495659783569124
20.610072615368416 81.12027088234973
25.046634766333863 54.86024170093862
4.430522787252329 76.81036405881046
56.70880021784456 49.69836458164241
15.964541494687436 88.10241216320135
28.415400306288564 69.5351530992125
16.570822081173052 85.77586833705837
35.52161503371755 63.787298568064216
20.357737151029156 76.62288431390364
58.664512366587104 36.409947690520944
9.008893393541362 69.11628560408008
23.160730154579205 72.07465214886675
22.070742212460782 61.98301796110069
15.76684063815405 63.78176552714616
16.248837149604583 89.28726256449087
1.8894483432552533 80.37797600373955
25.04173639654242 72.90726300144397
14.955656353056348 64.03038272289008
4.925788724384521 75.70547908739061
24.901904218462427 73.41938220112459
30.992199213330846 68.75675362413125
25.140507732069082 49.54456774482979
6.016567140142675 73.48145008680892
0.030627938881968575 82.63906048807549
24.534414468863947 52.3658759575798
44.16657891692104 62.01520358408273
26.837524557758723 48.093592920889996
13.192110189159845 65.73064801713295
50.219653129632285 53.0043455601249
25.239776713458827 76.62162954018952
21.853437509215496 81.1505181483382
18.82363426830463 55.506974872766946
23.769842371264144 71.9002078730952
20.940141349214556 77.56485322048134
68.72490828648 30.776621985990545
60.137562549591046 39.29397804152725
15.808542483187562 67.89652221309082
21.609617007488282 53.91310992930441
29.417670520622924 45.35136059117975
17.553052876456032 66.96723766288396
27.45442406231544 77.09489975714044
17.26673069506118 87.47658078849537
20.06842716641607 81.6730183288113
24.202493766146258 56.61439304043127
52.58447071430466 49.68743418251784
28.977043373327653 73.51728630400686
18.017307885130897 86.2730206577239
10.213724092472937 69.12171327040667
38.61408647870021 58.57104662452217
65.78357725637949 30.222884506876028
21.302121399002733 77.99780293250546
53.89820338922986 50.231466490404586
11.99790903777673 69.47654687154362
15.680205647071581 66.88493087791444
15.732835477075788 59.25267850282654
23.15887347471071 50.87600621510798
67.1160077300026 32.46240149946715
49.035409010834 51.716508782847306
21.252518815928983 55.502469378512245
14.541592717265015 62.88822461445577
28.925101585492396 74.12569352978983
31.339369925152532 61.97648814582194
49.30916876861299 59.5632553633747
28.368746583088722 69.29089757842945
25.431947202023622 51.47916835793498
64.12891885110454 40.60563931119062
21.28639200292849 56.2102323433984
52.29538313825648 53.11241313413342
61.43845783121798 42.41386535439972
64.35843244040166 39.71357342364995
17.206890773861904 88.37438111503695
16.932444945717293 85.36739744419394
27.496575781864145 46.22422785882645
10.840900576084728 95.61466892263562
60.98912070467479 42.625972467041336
10.383155074770208 69.05292198345126
11.618546021840018 72.60293335389105
36.33196455422479 64.38960823759601
49.83408735792821 59.37719222797185
27.530192084078067 47.54031266845534
29.33246581229981 54.37247762297347
22.748870239373456 79.31576226954242
56.47872166716182 45.90539005855901
20.361843577348765 57.715718414636626
65.31224156099265 36.04438358301026
16.008750683247833 92.40035752918803
63.11085549066209 38.99745370469509
65.23772247435478 36.658040447935406
61.97780943469365 37.96160497955598
21.817830037058407 56.01476002325897
59.72156851104017 47.71624124222725
28.281360871253575 46.387807433642706
54.159540062071734 48.55950138429036
20.844962743392557 80.01149356862284
18.275269981572073 82.28393377519716
32.18399470247306 67.48568323632416
18.651757767782865 54.84548231667227
14.654602140777474 91.8195091100913
19.09686829948793 76.66365179267238
21.926030194953533 57.082331186514566
35.08298073598631 63.06838918738434
27.8433881136146 72.10581564318785
27.518527440029096 72.31482257824383
-7.008023474783389 94.72004086725518
48.4682708538391 52.345473878372246
24.676152522695038 74.66130854059956
60.54465116753264 44.15545856446484
26.432678528421285 72.9722804675918
28.030191839596412 42.46144030480531
16.464965590587163 62.46525356140174
25.87329079733629 72.81933310182424
28.02680005237246 72.31127459834404
23.631913870162116 58.76422865085493
50.25802627956893 50.708468001603606
61.505489471845685 43.34073055463907
24.460907531350205 48.15753338219129
12.684879942496616 62.49492153337737
36.087095843791815 65.40558165636794
54.682443640445236 46.8450282943941
14.468623360239778 61.32288109413633
16.585880678652284 62.831576688452685
1.6417215744167457 82.11480471822605
15.273380724436091 85.05458446265823
17.931141502861973 61.61858693613985
54.382459587074486 45.0465609246331
22.55632929979174 55.44724334655398
52.83641728349721 53.71480061210534
28.35209335898687 68.9356690591191
52.747007163081776 54.674832694015535
66.35873086344766 33.46624412780783
24.453996329142797 56.33990703153351
9.357803851160744 98.50754109340781
23.73529337421969 77.8421759904276
33.81228010419511 37.11432955903954
16.291339494304154 80.9784275561943
20.74311662185613 57.96629683594867
5.8467100751764 78.68089794227014
58.95450709494695 48.441324703898125
25.851168528003804 52.78358496677555
59.705801605902174 37.42943592549797
25.49957765438616 68.79986372529868
5.7618876789906 77.5746794179841
63.88473718682998 38.06525443554869
52.80524309277877 49.46845841144381
29.087554766938396 40.27504773899474
10.162158245396476 91.46322781965473
22.658969547736767 48.61315376985261
26.040284137979818 76.24089749302182
59.23804133324927 46.415730037524305
32.41804446544872 40.79117795523048
58.86237128058418 46.574499828301455
15.795779089939126 63.60540978422869
57.01488712723232 45.108990770464565
32.99474056110253 65.027602091628
63.56466918631387 33.70027753165304
62.52604904994939 39.407608754703325
51.11976198592066 53.86779268706506
55.29230475357959 44.75636420668552
67.75676817171228 32.90580043632579
25.27280822816957 55.24202115996826
16.55340854331492 61.58755417143244
14.483907197914089 80.6816764017972
14.553476603027903 69.49478748161341
70.65277895467572 24.935319060794225
19.57965135773292 81.04521754257746
56.75094935762993 44.73284888186849
11.986365825839545 68.33968551828184
25.645957394876724 47.74472586759242
21.17121703967751 55.04513102397034
10.91118535031535 65.72458379799153
18.65335992951849 83.26426756957875
68.4329859277797 34.728449514000665
20.745105096731894 78.90096703279764
23.293250075860044 77.37275602539493
58.270164382606765 49.20994716362568
19.469719258340184 57.90653580270827
54.409313316870765 52.63754827960035
64.34562684458307 42.41053694931013
20.371800283806785 81.75068901029101
68.25239049726396 32.882775914217355
55.759649836840694 47.319352472425884
65.2011579095633 35.25920158514037
9.510157171933384 69.70941043226104
23.339654006730306 48.71800449446302
51.79188989078171 54.994799687832774
53.18311864460452 46.47901772624338
27.977536253455703 69.83005916436102
26.616677857028982 70.82646403993107
61.886395196368355 40.80563504260041
16.731287569807478 60.171251697450415
72.47521834228836 27.03315922738987
20.43848200595576 85.42581088607903
57.7151511519384 41.62812254063148
20.79011120840243 82.63067373646598
59.39455888312334 43.16705924409498
16.727251049443858 63.918794178404895
60.32558006109557 42.11959317104348
30.623349076238604 69.22018124994906
66.77642672258102 24.73321299488465
24.063180534411046 79.99565983834435
10.230511414545038 77.45575479472672
7.215988880408313 99.89060568231572
7.691282235493402 65.52902010072705
50.96067140255359 52.86373390165459
11.24408592439913 94.740704535656
51.837604431092466 57.81589345447124
16.825399962016615 58.856759848033576
20.33742727467704 55.4941037888001
65.93245757664471 37.290968028002084
18.223576840905142 79.94750247592762
20.314740460076273 79.0646803587539
19.899748891384515 83.95848089559252
21.325068157178308 52.50543136445367
22.772150487891373 52.9373250663986
20.623087080758545 82.56057146516996
64.38748197635583 40.50805157721213
20.56116740733231 81.02786594270466
15.413886853498466 66.26908779981152
52.9654281906879 54.237651107217026
46.88788911178757 59.71254145805716
15.237705401370123 66.9406888531839
60.98690020869452 38.21975684290603
22.045162926595538 79.75425359636279
62.469901434583974 35.78898998616828
21.741481194748353 77.51408044149647
65.03304062724303 36.631859215104654
13.288126084719778 86.57554311473095
19.084806703799448 72.9072069125574
23.634710892032274 72.05609876675602
20.97171191970116 82.41163928179346
70.37661285703325 29.492947207066656
25.62026342486821 54.817325401987276
21.937068807943287 59.02227429619014
20.334930747185695 60.998374328173355
41.04948547009312 63.641926642320115
23.544181619637538 77.66881413344029
64.07296791894493 34.8698748114655
69.79400049075046 27.243831272707627
59.90551806222898 39.40211801948644
18.78239562983277 60.986027354757795
6.4331849698938814 72.36410738597152
31.698415658438428 42.34061513408104
18.323159664022203 77.46518218304615
18.578964362841432 85.38006637338057
13.44256957489112 69.6080818265977
18.974562463491985 83.34461356378874
68.94782347924658 29.257164220577888
14.983630071448841 68.60219415089118
49.44842868604159 60.34747559166998
20.830749451816907 73.54778840884948
18.40392165489963 58.02699047646599
16.58879215975356 59.41573656820681
27.953853951512432 68.47723699286956
14.457076663789273 59.373791216167966
31.56791256222229 71.19962530776748
5.265857871136674 100.07691700747904
57.18209560045434 46.00525955313614
28.23306200741722 70.5334819260873
25.83409610825636 73.1966608086845
25.1999377274359 53.5996719112715
17.05719553830459 81.86791468444281
13.337535273863823 65.9844174822164
34.56135124178282 60.85999525025778
35.483698801333034 68.10175943224111
28.779915773874414 72.79548820627565
9.256593679470164 92.75140952217359
29.130632819421216 42.86458736129893
44.68243629081848 61.86076584622539
26.499330070501177 79.24701039680683
74.54847167488346 24.68744484094684
11.208326402642935 71.21501176333511
14.355726817075336 59.169624501385
67.45158615246683 30.934078615569614
15.867975636829318 59.79894391000406
23.738442968039767 53.18261937238405
16.471619582762887 58.07313678345313
55.458616065469606 46.09233856020701
27.9209832447591 66.62679166530167
65.25720866328085 39.789961877596895
16.98984507035542 65.70164892401552
20.318479905146877 89.75139091663387
26.974568809007696 69.35015332732947
67.77136010695293 37.56064287745695
62.466624716369466 41.065420834636456
20.04956378830208 61.512332115376026
16.451884452446297 65.56267525671005
6.130012298009815 73.69493874501919
69.43813207556204 37.881942260623106
23.163848458621025 56.06655584902521
59.72957638799371 38.40584743634555
72.02901553492502 26.32432188246833
7.3920166313937585 97.11002382997152
20.434744996385877 61.50744095684564
68.87565238161005 29.929351562095295
23.09554363455439 56.78497680736619
19.17339510991621 85.2596397952141
56.726993965570315 46.16676677951877
52.02027816727295 47.93767435264116
62.76410763437223 34.62286368889811
55.82464317620378 47.831542599868236
15.239442506931976 65.56347971682683
29.614639598977874 61.26475879502513
15.27791165161474 88.83939448789192
20.628495847366185 59.856219043951796
28.09770289178436 67.45482779086947
14.227382089415496 66.77829487113392
18.341446113472482 92.54604239085805
55.78755002590188 46.30902934197913
5.668543553102596 100.98428782681835
16.929810554808988 79.30890569112039
30.518063120103903 68.6985409208356
12.437163515494571 63.31810762978204
54.64952936196823 42.428746822811306
53.746137326672816 49.31335977652537
13.086521888172769 68.52499101870708
23.040116170926233 76.17935239926058
24.94891672436964 49.61209958678813
68.43494620144365 32.41436092824654
25.777921017116896 71.41259278432489
6.079529634218961 79.85116397805108
59.32873683310234 43.019567046104214
