-14.676249126074001 -50.30513841678456
124.99852369522472 145.5274284444874
130.05995102153136 145.33883893885832
123.34281291036979 48.35912049265394
133.91643017275703 69.07769234302512
113.52833985544125 75.24822840306305
138.22173991950118 157.62321620521513
137.45835167664805 50.01941921296922
124.93413098987037 160.0892355735452
108.22597951012563 138.8727230645335
102.78017567739099 139.3474119162427
116.52554991537556 65.05056617890288
121.12992336785886 60.046639766902814
-10.20829319405859 -51.06041926176799
128.5686919054132 64.16471585385848
0.01704322779653822 -35.62340039602296
120.12307078998515 63.912184945378726
-11.128110881336921 -42.411063983258934
-16.1670865438702 -47.07261179793889
129.4657760387015 46.237757938290855
150.1367527325689 155.20894533766764
-8.796358488651661 -60.17432882076761
135.64814232346612 144.44920688789935
101.72096481634159 167.8064755976018
0.46176205413179794 -49.25395422401255
140.67521392153495 56.90750497050214
137.28106972178315 57.54916118087713
-8.055553150401522 -42.4292242773916
126.12279073844272 144.463626977543
118.15867562288986 149.625678076359
101.67440560736875 71.01994061167973
18.684406627342476 -48.31262253850687
-10.145466514278159 -49.76319390647056
141.7061801150707 153.76906958963212
106.3087505783249 59.96738769899093
125.95274899757462 63.27395437581907
125.42578188845107 120.24030193656357
-4.590836951823762 -53.705004075791294
10.475898321521608 -42.54160102041162
111.73573651136039 137.37566209511402
-9.363200382819628 -49.84975068179851
144.03530800116985 130.95920989604394
113.34261717123304 76.97650695132491
131.85144740666243 145.13377728246476
144.76299478628374 69.09208731267661
132.95876593626875 62.44022009425137
109.74639733412724 158.73506229499532
-5.213937571729961 -42.65090869409205
117.54450538142922 147.45319331430215
138.0002142984021 135.43235209407513
125.28726933133704 50.317687545013854
119.15116957253908 136.48123835168607
-0.5971154041512872 -51.44222919404992
115.34239698666865 144.55323410435088
-15.83944660742798 -43.34578189833433
122.74232653223459 141.84599908877152
118.5157661649491 79.2354846398982
127.30045874920727 118.62641780220531
-8.958123337175623 -54.332184406775106
128.4402130307111 152.90604026088724
138.94646056687816 152.9806397015525
135.87102308483057 66.61688921841699
141.96424224416245 165.75369540974776
-4.814689957294025 -40.61878810074104
107.82800815777716 44.23452454723681
-27.584738124654287 -36.949207533654445
107.6092029538372 46.55099819973625
123.10541444126542 53.91028662781071
137.33851256295915 47.043936156268124
121.63615726845543 43.409232353905296
138.02459692749534 59.37630317378914
110.93822816447005 143.8044447288155
124.74314569298706 67.87169979527079
124.07838706600796 119.36330829821463
149.4146858515104 61.501618295741466
132.72192076536524 52.90280696481272
116.1349736783727 67.4730351156152
3.4709314290479654 -46.661112322668416
131.2609615813451 58.68614334481087
129.68633533269994 71.00381648428696
129.77463386411486 49.60144314063577
149.41099030505032 142.23956669241193
145.1511733612429 144.4096475249529
137.58949927499842 133.75096687999965
116.5349774910386 138.48928403754206
128.6153812554594 42.70023214931019
-13.648479627472359 -51.516432405335934
123.54781719814298 50.88426822084763
10.003707345747648 -29.99730844967333
105.90109862666847 46.12311949218429
144.78639230011422 57.622235957002914
112.78772368456181 137.21863816239065
132.04206924776992 143.1490435703241
123.76050725374097 60.11679078625586
131.44735791513745 50.096448771215776
12.915968005271301 -58.418784820645314
-8.375556623410061 -45.494655757281386
104.24893970420767 63.95952322831018
129.53113720266396 133.6897664453158
112.58170822197857 147.95054772524264
2.03438907655066 -47.457813285780084
124.69313828592028 49.84547282703627
27.150342558973136 -62.296426111088756
129.64815921930528 130.39146587578904
134.85677316997584 70.89976977647305
125.78182768189859 145.86292328375526
11.39602577339316 -46.53803003633456
128.0361128347518 147.45612644361904
120.20688265714527 55.35858237010032
105.9878869723429 125.9170022027487
130.6164078191377 134.37369677651785
122.6697254453205 148.7045836320718
131.7480301572681 53.25117068497204
115.58192058720581 138.47932387351088
127.44884526485492 51.44091782310909
111.58954831030094 137.02086854283482
-6.69778129055282 -52.536629564121796
118.89957514069634 134.62770228668793
140.2255525476423 150.67779007846224
124.57442350277927 53.92522395475774
124.98143734038041 142.9677019315073
-7.9355481420722995 -62.00327464855892
112.69771932763399 71.10333942106519
138.15456625950372 137.63860459061516
148.69362518358503 57.64023471363721
-1.6299476619922526 -44.03667738616193
116.29342337739841 146.53572936342374
119.31317013426153 128.94247337172106
-2.8173638427061753 -42.65334248249385
116.06051302254791 81.97998946733472
119.35407816726625 67.42683109629125
-15.145128036804874 -37.3740546856429
123.39126556943447 49.24660787036207
126.83738985855514 65.63269503053047
127.61582008629382 61.33207137417381
130.02368640248065 151.69173297436706
-22.59503545176741 -42.71937185604537
8.146832918958902 -28.79282829798255
122.94339842191692 147.94864677450363
-11.55246886955224 -52.79420521321182
120.90229485467766 135.79197984922303
124.5637593755567 52.44406336620578
6.470863549961461 -41.00303074054955
-3.852079735322551 -44.94965087638821
-16.239604203708822 -41.05871493318317
117.13888044871709 63.87418848114572
136.1648573037512 154.36749646466055
-3.7696933529948318 -27.50514573269461
-8.389798725309436 -53.97338601343538
141.00888584366245 141.48074112068753
-4.6509137268424094 -39.24863867672453
128.069747567404 56.0582638633769
-8.529434076515203 -55.41557003623172
-7.447238687729163 -46.16813880009577
-24.862156143845375 -59.64832691510176
133.28136165016699 141.40024260933055
129.49707807253677 46.26593550602376
133.98001484852696 78.39715099635603
116.55891363459293 130.10925833927223
106.28039515911944 147.75854429467904
128.97658143586725 132.19547640515174
-1.6001065466282505 -45.342955091342674
134.45220689679465 72.63683185582217
-14.729957161153813 -44.41789325196383
-6.206845681075546 -36.58340291349006
131.41305850822337 58.865708481901535
111.9399963166125 131.97869541549898
109.42055856146271 155.07683327709145
127.98874176366277 71.85995720688011
5.696981897119757 -29.74329370076104
1.6898909583273625 -42.85301643529596
5.103095275256182 -50.097546912995874
123.12942959419803 149.21663312724965
-0.547063401287593 -50.13202039787732
3.7625869731764716 -49.50700968200826
-6.78230926143673 -65.53605967214611
-1.7457443219620306 -41.500712693259544
137.2578696498432 153.46916783150442
122.69469547555359 159.83203690973687
126.50235032274337 57.28244151039721
122.87249955494005 126.2099799511769
116.22575308453334 70.44230657861067
4.605586939702313 -39.50926263412043
-7.3119351262826005 -44.23623860380829
122.80207844445368 52.44897147599177
126.01887081666246 150.69023434153502
-15.45662224789826 -47.9518542842351
139.5142617971557 61.50957523269335
11.227030991594535 -40.468313567112006
124.87007328421285 67.12473396244442
120.27837526368006 56.79568714716014
127.43632108687441 40.14949403410835
125.90676989768258 58.34436558308841
121.15235734464066 54.69668132606918
-16.828558169651924 -46.412866787850184
1.741118289026904 -43.625015492811286
141.09075429186936 65.14167699465219
129.54653824696499 41.738547624465085
112.04317428275394 139.68977479239294
141.92427130009742 136.84329014447417
119.65753340324727 49.85114590694319
115.8341964626203 134.26786794386612
-20.123010191606568 -53.54109046555685
-11.478417187596781 -35.21669408395734
122.11168398480373 70.63627847222736
106.05294380331047 39.62770509665299
-2.3472454659276654 -53.75606298853054
93.33668288215691 155.10346756712528
-6.014458587395106 -55.25465913950016
-0.5268064284924634 -41.302430701806436
121.37601325463257 148.43454635777738
-7.060885203346281 -43.59936942560509
100.54084598651397 150.79009900851358
124.0565932597053 138.29244796431712
107.22430362231272 62.05986084098443
124.03149150013053 154.23424370349161
136.01997266021988 133.26588893750792
-16.934987056593968 -45.02189504720217
-12.965695744921364 -44.418798275986724
132.0316159490136 170.13756180960826
131.25194947906112 66.71594776633376
-17.43272002673235 -42.96434183470641
6.32514336745964 -59.65739972045141
125.97087707482666 158.19669848762197
129.243002643963 51.0451120602914
9.217420442189699 -48.725319133594276
132.33232767453575 43.760276284335625
88.24431139777572 43.46394548611322
-16.392540872439127 -49.298597233485424
117.91165604397466 59.43331687020439
-8.968971103340184 -51.04390233451967
132.88270951099074 157.17308034864456
135.50945141838417 49.208578469396514
146.74867531950778 143.38118978343377
119.59417285873582 135.92999938064438
121.57023383559479 150.19030040564576
127.65158173156301 62.068061898710454
132.63415695184727 153.4723435281958
10.047367744232618 -31.151488725172634
123.25143008735739 148.25415659478276
6.698330426200938 -43.153662811242945
-7.9112966640173354 -59.29131913521687
132.1656220867656 59.10241800408642
-13.314324304764469 -52.6019601214875
129.9211038152178 79.920966566387
109.40755073309967 45.52539804354248
131.4715032113252 70.93993760925724
121.48329045156171 131.76260517560382
139.9334153257306 147.31349104923996
119.7422821866526 145.5896816119871
-4.866214834362523 -27.992459207110976
126.99605892043411 46.77101653583837
-6.6991639850714435 -51.90740319950193
7.485604828009738 -60.21007066437395
123.80179686934909 135.3076823390727
118.97038411334674 129.80810088892437
125.84237253535645 157.01243878720067
133.19952639629145 55.909962058393376
110.52660207446516 45.33870091448081
118.92289054186001 136.06342930375175
136.51660296253232 43.692208286825846
110.29378979372048 153.19740567539884
135.78917091512156 62.88476274217935
-21.1681989670888 -46.54247147307929
-3.5131645258436706 -45.465563916452126
126.025272017812 139.89623865197584
125.96350953128828 130.19795496615922
-14.53767931016193 -51.91441099676618
-16.26555096770547 -54.18194751154761
121.35401104661685 43.6048733246275
120.20378882832865 142.5644063467576
5.8574312423102715 -48.86011807445924
-0.8120985462696506 -36.518793916918604
121.50133207724267 145.2893935491138
124.15465953879692 147.24758371838797
126.02099316108969 45.007075447146754
-4.126883092984777 -47.4920903165204
129.06519407516467 142.80030298352156
124.69969216991873 134.49353229479672
114.50830234958964 39.53241984762438
151.94845654275616 60.718062311112675
129.6822610005314 61.64380742970426
129.94555468450378 68.34501630642518
130.90742154489607 145.6303700297735
11.694222239184192 -57.70865567925714
133.7501144312789 70.65471754021455
-18.998749899300034 -58.984035990531645
110.11231794410902 27.65589744879652
121.62513556122374 147.4878714371016
124.05819691089474 145.38803650189078
-16.304247132020492 -48.5353136079339
124.98777946242186 54.14772685385091
102.84357735533577 151.6972385386114
-23.333659484967086 -43.42228601216391
105.21617746813777 129.844637241817
140.40258986792887 56.36041358074404
-7.1925743858345115 -58.17383059059889
118.5149086185994 65.67992759000761
116.31103194323447 76.53080970225997
-0.31781445148403087 -55.92005664858432
100.73374915485944 155.24829732323994
129.2409606606911 136.44638392047173
-9.304757183148036 -50.0934886075817
132.7716873124837 53.35881705405291
122.50207277220599 58.85724522667191
-0.5996459764494411 -53.947371202772025
135.72528406973893 68.13652929205931
112.40077513071228 55.58477989659671
131.63711165405385 45.29213271713839
109.43565636496287 56.09246595446859
114.8739197306002 138.38653105588972
16.421876211149385 -39.51531426816388
-16.400105581533122 -57.25340793678184
120.1747287108081 37.79832024052699
8.385435214127623 -45.35119581512107
-7.212599759240996 -18.710950418619525
122.4673667974457 64.89716479692407
-7.79589091126911 -44.45469788515709
5.143557459203878 -38.90183540751927
128.29448164576652 146.26271582582962
119.67768048485154 151.34154534947146
-22.23911140032805 -42.30958529167733
112.85160908503309 162.8717686695412
120.99628073403424 55.65520495679529
111.0846066345379 132.33439954433163
121.40387026299777 66.95162513614846
110.23672851939418 149.45848986240046
110.52836853587269 46.16830438042905
-4.888999266118921 -38.09929843503209
126.20515842091223 143.71448142389963
133.01859153089478 50.72080191483114
114.2722551513746 60.597295949599534
142.15030920435723 68.21272720490205
115.05189211803362 140.2053654098528
-0.8655090340148242 -51.03649018473934
124.29228579944575 64.5979100287107
144.073841522334 70.7300930492492
120.57915291811878 163.29980421059497
113.99959989728602 50.75800040211243
-5.159873513068529 -38.78592046109741
127.99246924074257 155.95769524075402
-14.170997789932605 -45.47501069610347
-10.178245499583625 -51.25390369286821
141.56683092959972 145.94598875233936
123.8153463487675 68.85219098769481
5.219280001041069 -59.184545432640476
127.77243380999955 50.42809133714664
118.57695033351972 153.0105928981949
109.34351758055391 144.76117339351993
9.051081434089543 -40.505787103958596
127.26547109268947 70.38815969396164
131.61064605729646 46.32717318404513
122.42110009194772 124.85068713755574
122.12557482730446 62.40020822379047
106.32355686495806 50.54022577092709
137.71885080067938 57.683410042636666
137.9891358889893 52.62199314786423
133.22450913026788 146.7819195808241
138.09962126179028 169.02170099841362
126.53612551258317 58.08669098764749
10.903080784483464 -50.07068731068435
119.58024591808848 141.99246113082748
136.77279162956418 134.63473359269983
143.17032523759693 58.00524233787886
137.21055376623792 46.56237283323193
139.43024149738253 134.0721689210194
130.04056305852086 155.36953742792355
1.5166207161030343 -45.057341796185696
125.7280420711565 67.90171232698472
124.86653780770243 52.13454534956897
118.76264335089809 142.2600968893399
115.12123386852684 42.66369962911378
121.63422932523211 42.61669160161543
126.12029295911393 140.28169223872806
133.5312191887556 52.03257144127086
120.59913286058756 75.00932461671802
106.60203194301357 141.81150529572565
116.57126903265954 127.27562327539485
131.82404213527414 131.69999776999953
121.85860803651329 48.794046971118625
113.61589859196707 49.835876769712954
132.0894638585149 49.35242114827637
2.0156239210425486 -29.99857222746038
16.067518748831162 -49.72547191125918
126.20065399867136 50.03750861758321
131.97059397903698 52.70111131668558
6.94457961780258 -63.43097561839709
111.00713556114664 142.90077038478154
124.02927027731533 141.62177021686483
3.1625432957916466 -42.4799329640952
135.0049461069633 141.21478552184868
1.004858271879705 -65.07804996419219
-3.6130095119357453 -47.30426829146307
1.9786486628132849 -44.83345715705209
129.43106473721275 132.0622208429516
-6.274707237417303 -35.19513814904915
123.2252125535431 154.5661816429381
126.30271164581404 136.9797932934509
125.01262582016471 56.251700064905194
9.681638439819382 -64.46589805625224
3.900695539497354 -54.40923556525027
-6.0894328855222835 -49.55825267658142
-5.0496041670735 -49.59529048203349
124.73804133963561 59.94463946003971
124.46369848134654 164.36749535578954
124.22737473740926 43.711394217186914
111.73035093436638 57.42732310260604
-14.330915301271432 -49.474818623686886
119.67678665264899 139.62252297311142
-3.9397236714221417 -24.458095244413673
131.2572788398165 40.98370198771235
126.58678686780348 48.298888048304235
105.25687339956892 153.49555051785504
9.995616832418177 -37.602852849634445
-0.7728052776200567 -33.14283295769158
-2.582902985147939 -53.838924687359494
128.251010710785 134.1865266112303
-4.865999550212781 -43.060423664649946
143.0919855078906 74.6345746417848
-1.1367145875064644 -58.01765301482318
-9.68531993697007 -43.8953146307065
5.257336417656813 -52.54687599024025
130.11419197557925 142.01929937771945
-4.681192088293367 -64.45461479477953
120.79786441337632 128.14277469415646
139.11112187519728 141.49332645486817
107.3012789302917 68.28820967400148
123.96345937007456 139.01965589004743
118.90788892476584 156.12989016825532
-13.436837194136935 -45.40077313970151
-10.05644226374443 -38.20396862657418
110.80578028069766 57.69434953135437
12.696248473823974 -55.65056995611009
106.73095058476616 58.13546048417639
115.18768943761313 36.311828512365985
125.1463403640125 151.41075882587955
-22.0032168106054 -42.0988190505825
106.41399228450284 63.690235266551944
126.47750740873474 51.1044010167592
125.68333855095813 143.24433090070357
119.99432028862441 51.72411734908017
-5.113414551748159 -35.47047821542135
-4.435803189554406 -40.15400167556525
122.209519173189 130.65444140013147
-10.741951387390971 -40.261129030377134
4.4179801409530395 -79.42963697934587
139.10886872874093 52.883444533228044
137.6643118868822 143.0350321074182
114.08638619136494 50.94337039636697
10.595473143535585 -53.62061686871762
7.46316353138635 -59.954793038069276
5.295956862829589 -54.048598661751086
0.7662444582814132 -26.78500379391007
126.59342960247683 56.344965246955184
117.91350129629222 47.5168413668393
132.88000426413092 150.32990532726475
5.1682749847316245 -54.16000968613878
122.66112363702732 60.83940805607112
1.5894243550929943 -48.39729592713731
125.64759624459325 162.47628676699287
134.56234011896453 147.41804387031743
125.53033522622914 168.57061051517428
-13.30384835008429 -48.325078243298556
104.99532131887835 140.43844937885711
6.301151606546842 -50.27425777011979
-2.9812240349021657 -63.86749411472227
-12.693521455327543 -54.524647472179204
8.231475944951328 -44.48173997298657
-15.67229216046611 -56.62392113632494
128.74625905662924 65.12098708768366
133.13412302535022 149.83845987329585
9.474223672887963 -53.156531004049526
118.11700495846252 158.84041302883415
113.46814725561927 153.30756423082127
130.8034604774562 150.2847377227517
97.82467275242428 143.50572599638642
10.250933684115742 -45.434847414268376
-2.6384144181139035 -38.951797270429545
-13.529531292238559 -57.225824110584504
127.23602612506468 136.86384495116587
125.81705340575166 59.34627330620007
129.7049001170694 145.41129473650142
-4.92105373452314 -45.320947563453956
-19.34864180324474 -43.99189846944141
-5.362663583765244 -33.745888206035545
20.010640740283844 -68.52847321423761
132.2799869202533 148.1331771641704
113.45261255285186 137.06777786834533
103.89978581956689 140.4811016197889
-25.07011273105899 -54.68450909496683
7.431005476663568 -44.979977374196025
124.39415428552323 40.06160578117397
-13.791019020607429 -41.6867623268929
-4.739035437356005 -41.892259158160584
115.84020797700919 140.0325664172572
128.47251580686242 47.41915372493939
131.04349707699828 68.36592926279548
126.45628401112975 132.36672534312925
137.59721171599494 141.29311482313437
8.928611480885387 -34.53341959169048
