0.365	0.514
0.265	0.2255
0.42	0.677
0.365	0.516
0.255	0.205
0.3	0.3515
0.415	0.7775
0.425	0.768
0.37	0.5095
0.44	0.8945
0.38	0.6065
0.35	0.406
0.38	0.5415
0.405	0.6845
0.355	0.4755
0.4	0.6645
0.28	0.2905
0.34	0.451
0.295	0.2555
0.32	0.381
0.28	0.2455
0.275	0.2255
0.44	0.9395
0.415	0.7635
0.48	1.1615
0.44	0.9285
0.45	0.9955
0.445	0.931
0.475	0.9365
0.425	0.8635
0.47	0.9975
0.56	1.639
0.525	1.338
0.55	1.798
0.55	1.7095
0.355	0.4795
0.475	1.217
0.355	0.5225
0.445	0.883
0.29	0.3275
0.335	0.425
0.425	0.8515
0.175	0.07
0.15	0.042
0.15	0.042
0.295	0.203
0.37	0.5795
0.375	0.4605
0.245	0.161
0.425	0.8355
0.41	0.595
0.32	0.303
0.36	0.5415
0.36	0.4775
0.31	0.385
0.4	0.6615
0.35	0.4425
0.385	0.5895
0.19	0.086
0.4	0.583
0.345	0.4115
0.405	0.625
0.41	0.6965
0.325	0.3785
0.4	0.58
0.355	0.48
0.44	0.915
0.495	1.285
0.39	0.5305
0.235	0.151
0.425	0.7665
0.32	0.353
0.475	1.247
0.48	1.185
0.45	1.098
0.475	1.0075
0.475	0.944
0.47	0.922
0.425	0.788
0.475	1.1025
0.445	0.941
0.51	1.615
0.425	0.9885
0.475	1.3175
0.45	1.013
0.465	1.295
0.465	1.195
0.44	0.8645
0.355	0.517
0.45	0.9775
0.425	0.8115
0.44	0.755
0.465	1.115
0.495	1.262
0.56	1.494
0.535	1.606
0.435	0.725
0.375	0.523
0.37	0.5225
0.375	0.5785
0.265	0.2315
0.435	0.843
0.435	0.883
0.415	0.724
0.47	1.1735
0.41	0.727
0.43	0.802
0.4	0.6675
0.39	0.6335
0.395	0.3635
0.395	0.5415
0.36	0.431
0.32	0.3325
0.35	0.393
0.41	0.6935
0.415	0.5915
0.375	0.6125
0.34	0.402
0.43	0.8825
0.305	0.2605
0.365	0.4205
0.295	0.2535
0.425	0.766
0.265	0.214
0.28	0.1755
0.195	0.073
0.275	0.238
0.29	0.2505
0.535	1.7255
0.54	1.959
0.48	1.262
0.35	0.4035
0.26	0.1915
0.26	0.211
0.2	0.0975
0.33	0.406
0.23	0.156
0.255	0.2005
0.325	0.3555
0.285	0.253
0.445	0.826
0.45	0.741
0.52	1.3445
0.455	0.797
0.375	0.5175
0.38	0.549
0.35	0.515
0.205	0.127
0.13	0.0315
0.13	0.03
0.475	1.053
0.5	1.1185
0.515	1.3715
0.485	1.0565
0.45	0.9885
0.405	0.722
0.46	0.994
0.485	1.514
0.455	0.9075
0.46	1.124
0.465	1.056
0.485	1.222
0.485	1.2445
0.56	2.141
0.545	1.752
0.57	2.55
0.575	2.124
0.57	1.842
0.56	1.981
0.515	1.6185
0.55	1.9565
0.395	0.775
0.435	1.065
0.405	0.776
0.16	0.048
0.26	0.1785
0.21	0.125
0.245	0.1435
0.16	0.0465
0.475	0.97
0.48	0.9395
0.51	1.368
0.45	1.0235
0.475	1.0165
0.51	1.5675
0.49	1.218
0.48	1.0525
0.5	1.383
0.48	1.199
0.46	0.9325
0.48	1.1595
0.485	1.0225
0.45	0.927
0.275	0.22
0.4	0.8145
0.405	0.772
0.41	0.644
0.5	1.3035
0.45	0.922
0.46	0.922
0.345	0.4165
0.4	0.825
0.4	0.63
0.435	0.8155
0.335	0.369
0.34	0.482
0.3	0.315
0.34	0.3795
0.415	0.8325
0.28	0.2655
0.365	0.6345
0.25	0.181
0.325	0.38
0.405	0.6155
0.395	0.66
0.405	0.8025
0.35	0.46
0.3	0.324
0.36	0.501
0.305	0.32
0.325	0.455
0.35	0.5175
0.375	0.5755
0.355	0.485
0.38	0.3265
0.37	0.45
0.29	0.3055
0.27	0.205
0.465	1.1015
0.415	0.783
0.445	0.836
0.44	0.9025
0.505	1.4455
0.215	0.1155
0.35	0.435
0.225	0.124
0.055	0.002
0.1	0.013
0.09	0.008
0.12	0.021
0.425	0.9425
0.2	0.1
0.175	0.0645
0.23	0.1275
0.255	0.1655
0.26	0.174
0.245	0.1585
0.275	0.1975
0.245	0.156
0.27	0.2135
0.25	0.1715
0.47	1.1235
0.455	1.0605
0.46	1.094
0.495	1.2415
0.45	1.011
0.45	1.07
0.46	0.8975
0.505	1.415
0.475	1.1015
0.475	0.928
0.44	0.865
0.42	0.8945
0.195	0.095
0.2	0.1205
0.38	0.639
0.45	0.895
0.275	0.2925
0.39	0.6355
0.36	0.4995
0.525	1.779
0.5	1.187
0.485	1.219
0.505	1.525
0.515	1.259
0.54	1.844
0.53	1.3485
0.5	1.642
0.525	1.484
0.425	0.712
0.415	0.8415
0.285	0.2415
0.355	0.4495
0.395	0.6295
0.38	0.9565
0.415	0.879
0.435	0.699
0.4	0.6445
0.355	0.4775
0.435	0.8105
0.435	0.996
0.505	1.2765
0.475	1.116
0.455	1.013
0.495	1.0575
0.215	0.128
0.205	0.1105
0.21	0.1065
0.395	0.549
0.28	0.234
0.305	0.3485
0.435	0.892
0.28	0.252
0.27	0.217
0.36	0.472
0.145	0.037
0.12	0.0215
0.515	1.5415
0.41	0.7605
0.435	0.9055
0.485	1.2435
0.44	0.971
0.455	1.3305
0.47	1.2255
0.485	1.3
0.355	0.4585
0.535	1.242
0.35	0.3675
0.455	0.8365
0.255	0.172
0.21	0.0965
0.145	0.038
0.31	0.2845
0.205	0.1055
0.265	0.222
0.275	0.251
0.255	0.1755
0.4	0.6435
0.295	0.241
0.28	0.2255
0.38	0.5955
0.325	0.3185
0.22	0.121
0.175	0.0705
0.6	1.974
0.465	1.3415
0.475	1.0875
0.45	1.283
0.475	1.325
0.45	1.0035
0.455	1.165
0.51	1.3475
0.465	1.274
0.375	0.568
0.425	0.746
0.39	0.707
0.42	0.756
0.26	0.2
0.305	0.2715
0.48	1.2
0.495	1.153
0.45	0.8685
0.46	0.9535
0.455	0.93
0.515	1.275
0.58	2.13
0.525	1.587
0.525	1.8085
0.585	2.499
0.545	1.768
0.49	1.227
0.465	0.997
0.525	1.4225
0.48	1.029
0.5	1.186
0.515	1.016
0.465	0.887
0.455	1.0735
0.49	1.13
0.56	1.719
0.545	1.566
0.565	1.7605
0.58	1.787
0.575	1.31
0.52	1.343
0.545	1.7345
0.49	1.1775
0.45	1.077
0.465	0.995
0.495	1.1085
0.47	1.1405
0.42	0.791
0.4	0.663
0.375	0.5565
0.425	0.8445
0.37	0.4925
0.42	0.7385
0.38	0.482
0.42	0.609
0.375	0.471
0.325	0.3215
0.375	0.593
0.375	0.5615
0.295	0.25
0.275	0.1995
0.31	0.302
0.395	0.7155
0.38	0.5865
0.44	0.6765
0.455	0.987
0.365	0.5885
0.455	0.7225
0.325	0.4335
0.415	0.6935
0.345	0.365
0.44	0.8425
0.355	0.479
0.485	0.911
0.45	0.915
0.44	0.827
0.5	1.1045
0.475	0.945
0.46	0.9935
0.44	0.8565
0.495	1.2385
0.47	1.0325
0.5	1.3135
0.515	1.352
0.5	1.005
0.41	0.625
0.54	1.5015
0.38	0.529
0.39	0.5785
0.225	0.101
0.2	0.092
0.45	1.068
0.485	1.0915
0.5	1.015
0.455	0.943
0.45	1.0475
0.45	0.9555
0.47	1.036
0.455	0.9065
0.42	0.7505
0.345	0.366
0.41	0.662
0.275	0.217
0.305	0.252
0.3	0.3055
0.415	0.6885
0.275	0.2335
0.26	0.192
0.425	0.85
0.295	0.2715
0.325	0.3635
0.455	0.714
0.435	0.9815
0.455	0.9265
0.5	1.098
0.455	0.8205
0.565	1.891
0.535	1.41
0.555	1.4385
0.49	0.9245
0.55	1.2915
0.47	0.8375
0.54	1.221
0.28	0.199
0.31	0.2965
0.41	0.7085
0.285	0.2665
0.465	0.9915
0.185	0.0715
0.165	0.0545
0.195	0.0735
0.125	0.0235
0.55	1.3905
0.53	1.388
0.55	1.7445
0.555	1.4385
0.44	0.7835
0.405	0.646
0.34	0.3575
0.405	0.627
0.415	0.7715
0.415	0.7395
0.35	0.421
0.54	1.347
0.59	1.756
0.545	1.32
0.585	1.8075
0.4	0.9325
0.465	0.849
0.46	0.9955
0.48	1.0115
0.465	0.908
0.45	0.92
0.515	1.2415
0.42	0.8075
0.455	1.0595
0.455	1.073
0.46	0.921
0.51	1.2895
0.53	1.2635
0.5	1.369
0.5	0.953
0.52	1.248
0.485	1.0105
0.525	1.0385
0.45	0.874
0.44	0.854
0.52	1.1835
0.47	1.115
0.505	1.129
0.485	1.1745
0.47	1.105
0.46	0.8395
0.455	1.055
0.435	0.889
0.445	0.8735
0.53	1.1095
0.35	0.5185
0.38	0.6725
0.22	0.146
0.195	0.08
0.195	0.1
0.29	0.2795
0.2	0.0915
0.23	0.147
0.25	0.203
0.15	0.0385
0.27	0.1885
0.26	0.218
0.14	0.035
0.16	0.0545
0.125	0.024
0.11	0.0155
0.445	0.733
0.45	0.9715
0.3	0.24
0.42	0.752
0.355	0.458
0.37	0.4705
0.335	0.38
0.37	0.4985
0.38	0.454
0.405	0.5775
0.23	0.1165
0.205	0.094
0.29	0.2705
0.375	0.604
0.355	0.415
0.325	0.2885
0.35	0.3615
0.29	0.257
0.245	0.1555
0.195	0.08
0.155	0.0425
0.45	0.795
0.425	0.875
0.515	1.1625
0.49	0.9885
0.44	0.8
0.37	0.514
0.39	0.591
0.385	0.6265
0.405	0.795
0.5	1.1905
0.53	1.326
0.4	0.66
0.34	0.364
0.4	0.659
0.35	0.452
0.415	0.7335
0.355	0.5465
0.255	0.179
0.355	0.581
0.33	0.406
0.21	0.1085
0.32	0.387
0.35	0.474
0.345	0.443
0.455	1.066
0.44	0.9535
0.475	0.9665
0.475	1.133
0.425	0.9175
0.435	0.982
0.445	0.8865
0.48	1.3675
0.49	1.233
0.425	0.806
0.525	1.4635
0.355	0.4935
0.305	0.363
0.39	0.6655
0.425	0.6805
0.41	0.8285
0.335	0.4625
0.31	0.3095
0.4	0.745
0.29	0.25
0.41	0.874
0.52	1.514
0.42	0.6995
0.455	0.8525
0.43	0.7135
0.47	0.939
0.495	1.054
0.445	0.981
0.42	0.926
0.315	0.286
0.3	0.265
0.345	0.4885
0.39	0.5555
0.345	0.425
0.27	0.195
0.37	0.458
0.285	0.228
0.265	0.1775
0.345	0.4085
0.145	0.032
0.24	0.155
0.37	0.4775
0.35	0.525
0.345	0.3865
0.355	0.433
0.24	0.17
0.225	0.1295
0.17	0.0515
0.255	0.169
0.38	0.673
0.385	0.6785
0.385	0.498
0.36	0.498
0.405	0.658
0.335	0.322
0.305	0.2815
0.415	0.944
0.265	0.1835
0.365	0.49
0.34	0.391
0.365	0.467
0.36	0.5225
0.295	0.2105
0.265	0.168
0.235	0.258
0.26	0.1905
0.345	0.487
0.4	0.5735
0.24	0.173
0.485	1.1785
0.45	0.9
0.255	0.1875
0.34	0.3715
0.33	0.347
0.215	0.1145
0.375	0.777
0.35	0.4885
0.36	0.447
0.18	0.079
0.245	0.1665
0.35	0.466
0.225	0.1345
0.28	0.2305
0.215	0.129
0.435	0.97
0.515	1.14
0.49	1.3165
0.475	0.9585
0.525	1.626
0.45	0.781
0.34	0.3675
0.305	0.281
0.355	0.412
0.295	0.2245
0.35	0.4835
0.38	0.605
0.425	0.9175
0.35	0.5425
0.385	0.6175
0.38	0.655
0.41	0.8115
0.39	0.573
0.385	0.7865
0.395	0.64
0.415	0.74
0.375	0.5945
0.38	0.8165
0.275	0.2225
0.275	0.2295
0.37	0.5725
0.325	0.3915
0.405	0.8345
0.4	0.6515
0.44	0.909
0.4	0.8045
0.405	0.927
0.4	0.7305
0.44	0.9555
0.375	0.636
0.19	0.0865
0.325	0.3865
0.29	0.283
0.11	0.019
0.23	0.1285
0.105	0.0175
0.205	0.1165
0.335	0.444
0.315	0.3515
0.285	0.2905
0.385	0.536
0.33	0.4525
0.295	0.316
0.3	0.417
0.325	0.417
0.25	0.203
0.26	0.207
0.295	0.2765
0.225	0.1105
0.25	0.176
0.3	0.2465
0.205	0.1135
0.265	0.201
0.255	0.1915
0.2	0.1035
0.205	0.0975
0.19	0.0765
0.125	0.0265
0.1	0.015
0.11	0.018
0.455	1.0575
0.44	1.092
0.41	0.99
0.36	0.488
0.36	0.5005
0.305	0.297
0.375	0.525
0.4	0.77
0.4	0.6515
0.4	0.8295
0.42	0.879
0.4	0.823
0.38	0.656
0.425	0.8665
0.39	0.6565
0.385	0.669
0.405	0.6435
0.41	0.862
0.345	0.3795
0.44	0.835
0.265	0.2065
0.42	0.7365
0.405	0.8175
0.415	0.8425
0.42	1.001
0.52	1.676
0.385	0.6595
0.42	0.8055
0.515	1.5165
0.39	0.612
0.355	0.547
0.46	1.122
0.455	1.1365
0.515	1.4805
0.505	1.5275
0.525	1.1375
0.495	1.437
0.44	1.116
0.43	1.0615
0.405	1.2565
0.44	0.946
0.44	0.959
0.51	1.613
0.47	1.153
0.45	0.978
0.445	1.1325
0.27	0.197
0.43	0.785
0.425	0.949
0.455	0.9805
0.375	0.521
0.275	0.2685
0.34	0.462
0.38	0.7605
0.41	0.732
0.385	0.6775
0.38	0.6385
0.35	0.5755
0.36	0.537
0.41	0.93
0.385	0.6415
0.435	0.8815
0.28	0.244
0.155	0.0525
0.415	1.042
0.39	0.5755
0.385	0.709
0.39	0.644
0.465	0.8875
0.465	0.8935
0.375	0.556
0.37	0.51
0.45	0.9215
0.465	1.0345
0.405	0.695
0.41	0.7155
0.335	0.394
0.42	0.745
0.345	0.3665
0.34	0.495
0.335	0.349
0.33	0.4405
0.275	0.22
0.38	0.6615
0.305	0.3185
0.205	0.1015
0.4	0.759
0.34	0.4195
0.41	0.807
0.405	0.875
0.365	0.6835
0.175	0.067
0.185	0.088
0.24	0.1715
0.25	0.1735
0.25	0.183
0.27	0.2055
0.25	0.18
0.3	0.27
0.275	0.24
0.275	0.2215
0.275	0.1375
0.29	0.312
0.3	0.2895
0.29	0.319
0.29	0.304
0.31	0.306
0.325	0.394
0.32	0.3735
0.305	0.325
0.325	0.398
0.365	0.501
0.335	0.4895
0.325	0.378
0.35	0.547
0.375	0.5805
0.365	0.5465
0.365	0.6395
0.355	0.498
0.385	0.609
0.41	0.7555
0.4	0.5975
0.44	0.8275
0.395	0.7635
0.405	0.891
0.42	0.805
0.44	0.9185
0.43	0.923
0.45	1.0145
0.45	0.875
0.435	0.9685
0.45	1.0595
0.455	0.952
0.435	0.7535
0.465	0.958
0.475	1.077
0.46	1.102
0.48	1.11
0.48	1.2095
0.475	1.1405
0.465	1.113
0.475	1.3445
0.475	1.21
0.495	1.29
0.475	1.382
0.455	1.1035
0.5	1.377
0.52	1.3435
0.51	1.296
0.505	1.34
0.505	1.3725
0.5	1.307
0.49	1.2085
0.49	1.3825
0.505	1.26
0.51	1.3555
0.5	1.376
0.485	1.2945
0.51	1.486
0.525	1.4715
0.52	1.4095
0.58	2.0805
0.53	1.3905
0.52	1.558
0.585	1.309
0.525	1.8095
0.525	1.4785
0.56	1.7775
0.54	1.6675
0.56	1.834
0.595	2.8255
0.14	0.046
0.175	0.0705
0.175	0.0665
0.19	0.083
0.18	0.083
0.195	0.092
0.12	0.117
0.23	0.1625
0.235	0.131
0.23	0.1385
0.22	0.141
0.235	0.1485
0.23	0.144
0.24	0.1575
0.24	0.187
0.265	0.196
0.25	0.1825
0.25	0.186
0.25	0.1785
0.25	0.2225
0.265	0.2455
0.29	0.249
0.28	0.2865
0.28	0.215
0.265	0.251
0.31	0.339
0.305	0.3535
0.31	0.3335
0.33	0.3595
0.32	0.376
0.315	0.3435
0.34	0.382
0.315	0.377
0.325	0.3645
0.325	0.425
0.325	0.3995
0.34	0.3925
0.345	0.4495
0.325	0.35
0.335	0.4355
0.35	0.4195
0.36	0.478
0.355	0.4445
0.345	0.47
0.335	0.447
0.355	0.5325
0.375	0.497
0.36	0.4635
0.345	0.449
0.365	0.467
0.37	0.534
0.345	0.4415
0.35	0.482
0.365	0.612
0.365	0.582
0.37	0.537
0.36	0.5915
0.375	0.6765
0.385	0.64
0.36	0.439
0.365	0.6015
0.37	0.4785
0.385	0.649
0.395	0.6335
0.4	0.61
0.39	0.6595
0.385	0.56
0.385	0.6425
0.4	0.6725
0.39	0.674
0.39	0.685
0.41	0.642
0.355	0.601
0.39	0.769
0.375	0.5785
0.405	0.769
0.405	0.7035
0.41	0.796
0.43	0.834
0.39	0.7125
0.415	0.724
0.4	0.7325
0.425	0.7585
0.425	0.8495
0.405	0.6515
0.4	0.8215
0.43	0.7165
0.435	0.874
0.445	0.9905
0.43	0.8105
0.455	0.967
0.4	0.6975
0.45	1.195
0.45	1.1935
0.455	1.107
0.445	1.0635
0.46	0.9035
0.475	1.114
0.46	1.103
0.46	1.1155
0.46	1.0515
0.455	1.012
0.45	1.137
0.49	1.1335
0.465	1.136
0.47	1.206
0.455	1.063
0.47	1.121
0.45	1.114
0.475	1.213
0.46	1.0045
0.455	1.044
0.49	1.1345
0.475	1.161
0.47	1.2315
0.47	1.1625
0.475	1.168
0.48	1.2525
0.51	1.3315
0.48	1.3525
0.49	1.3325
0.475	1.1435
0.5	1.288
0.485	1.38
0.485	1.278
0.495	1.3075
0.48	1.1785
0.49	1.375
0.525	1.4065
0.505	1.4025
0.5	1.5175
0.5	1.394
0.5	1.2205
0.52	1.636
0.52	1.561
0.505	1.4325
0.5	1.3385
0.5	1.2465
0.515	1.212
0.495	1.304
0.52	1.6785
0.525	1.622
0.46	1.494
0.51	1.6525
0.505	1.528
0.535	1.5905
0.495	1.6275
0.475	1.3695
0.525	1.6085
0.57	1.587
0.565	1.8375
0.535	1.607
0.525	1.7005
0.505	1.872
0.535	1.8385
0.535	1.685
0.565	2.198
0.565	1.9525
0.525	1.56
0.6	2.555
0.6	2.302
0.13	0.029
0.15	0.0375
0.135	0.0325
0.155	0.0435
0.165	0.059
0.18	0.071
0.18	0.0685
0.195	0.084
0.195	0.106
0.21	0.1075
0.22	0.096
0.22	0.1255
0.235	0.151
0.225	0.1415
0.265	0.2015
0.28	0.221
0.28	0.2345
0.275	0.2325
0.29	0.2485
0.32	0.348
0.3	0.32
0.3	0.282
0.325	0.3245
0.3	0.316
0.32	0.3625
0.31	0.279
0.325	0.3685
0.335	0.397
0.33	0.413
0.345	0.418
0.33	0.3705
0.345	0.409
0.34	0.434
0.335	0.411
0.365	0.462
0.34	0.4925
0.33	0.3715
0.33	0.411
0.33	0.3685
0.35	0.4155
0.36	0.544
0.38	0.4845
0.35	0.4565
0.35	0.4545
0.38	0.6245
0.465	0.5225
0.375	0.5495
0.375	0.542
0.38	0.519
0.39	0.5215
0.39	0.5445
0.405	0.6795
0.4	0.545
0.4	0.5575
0.38	0.5155
0.385	0.6115
0.4	0.7765
0.38	0.5395
0.38	0.5545
0.46	1.019
0.4	0.6455
0.4	0.601
0.405	0.7555
0.395	0.608
0.4	0.617
0.39	0.599
0.42	0.6665
0.39	0.7835
0.41	0.793
0.415	0.82
0.415	0.8145
0.43	0.84
0.425	0.8315
0.43	0.8995
0.445	0.8965
0.44	0.6405
0.415	0.852
0.455	0.9595
0.435	0.99
0.45	1.0095
0.46	1.0375
0.445	0.8775
0.44	0.755
0.46	0.9945
0.45	1.068
0.435	0.8455
0.47	0.869
0.455	0.907
0.435	0.805
0.445	1.0225
0.445	0.847
0.455	1.114
0.455	1.859
0.445	0.814
0.45	0.9615
0.45	1.0025
0.45	0.93
0.46	0.9335
0.465	0.9555
0.47	0.9955
0.475	1.0265
0.455	1.1915
0.465	1.1025
0.465	1.0165
0.47	1.1775
0.475	1.1175
0.48	1.1835
0.475	1.056
0.485	1.0145
0.485	1.3305
0.47	1.052
0.46	1.0565
0.465	0.923
0.475	1.027
0.47	1.0195
0.45	0.858
0.48	1.1125
0.485	1.3745
0.48	1.2065
0.47	1.1325
0.5	1.2645
0.495	1.1565
0.515	1.369
0.53	1.39
0.48	1.1345
0.5	1.464
0.5	1.202
0.515	1.31
0.51	1.415
0.53	1.346
0.525	1.363
0.5	1.2975
0.505	1.3645
0.54	1.7025
0.52	1.519
0.54	1.454
0.53	1.583
0.53	1.5535
0.56	1.74
0.565	1.751
0.575	2.273
0.525	1.6465
0.55	1.219
0.56	1.652
0.55	2.0045
0.535	1.6755
0.58	2.103
0.55	1.9965
0.565	1.187
0.505	1.978
0.575	1.8795
0.585	2.124
0.565	1.931
0.57	2.236
0.625	2.505
0.58	2.0065
0.63	2.657
0.375	0.4645
0.205	0.0765
0.185	0.0685
0.19	0.0835
0.195	0.1125
0.215	0.1075
0.225	0.1055
0.23	0.1375
0.23	0.1145
0.225	0.139
0.25	0.2085
0.205	0.1595
0.245	0.2015
0.25	0.179
0.255	0.1945
0.255	0.2005
0.27	0.215
0.255	0.1785
0.27	0.196
0.27	0.1875
0.27	0.196
0.265	0.213
0.29	0.2445
0.28	0.217
0.29	0.213
0.29	0.2385
0.275	0.218
0.275	0.2465
0.28	0.2025
0.27	0.218
0.275	0.256
0.27	0.2105
0.29	0.2615
0.28	0.2175
0.3	0.302
0.28	0.228
0.3	0.3265
0.305	0.284
0.295	0.2725
0.27	0.2985
0.29	0.2675
0.285	0.2645
0.335	0.33
0.305	0.328
0.325	0.3335
0.32	0.3055
0.31	0.301
0.34	0.428
0.315	0.378
0.315	0.3685
0.34	0.438
0.33	0.448
0.345	0.4005
0.365	0.4305
0.33	0.372
0.36	0.466
0.35	0.3705
0.365	0.4785
0.34	0.346
0.365	0.411
0.355	0.48
0.355	0.393
0.355	0.5035
0.38	0.441
0.36	0.492
0.37	0.5435
0.355	0.4725
0.365	0.461
0.355	0.4965
0.38	0.5125
0.395	0.553
0.38	0.594
0.42	0.6765
0.375	0.5795
0.41	0.6615
0.375	0.5695
0.395	0.6215
0.405	0.6015
0.38	0.594
0.395	0.551
0.38	0.625
0.42	0.711
0.4	0.6965
0.4	0.5825
0.395	0.663
0.4	0.6965
0.42	0.842
0.415	0.694
0.42	0.81
0.415	0.5745
0.425	0.7675
0.4	0.6025
0.415	0.5765
0.41	0.7145
0.435	0.717
0.42	0.8655
0.42	0.7265
0.435	0.7715
0.445	0.8
0.43	0.7285
0.405	0.5945
0.43	0.7895
0.405	0.651
0.43	0.8745
0.435	0.7535
0.425	0.7305
0.44	0.8705
0.43	0.7395
0.43	0.7665
0.425	0.7905
0.425	0.8205
0.425	0.688
0.445	1.224
0.455	0.974
0.44	0.8735
0.45	0.8495
0.445	0.796
0.39	0.744
0.45	0.751
0.45	0.794
0.46	0.9795
0.435	0.873
0.44	0.7665
0.435	0.8965
0.42	0.857
0.48	1.078
0.46	0.892
0.46	1.4395
0.455	0.7955
0.445	0.858
0.465	0.9145
0.49	1.171
0.475	1.0505
0.46	1.1135
0.47	1.409
0.475	1.065
0.45	0.7995
0.445	0.7715
0.47	1.187
0.455	0.8855
0.465	0.98
0.465	1.026
0.475	1.1315
0.48	1.014
0.475	1.12
0.465	1.04
0.455	0.8895
0.46	0.9595
0.485	1.238
0.49	0.9755
0.435	0.9025
0.475	1.076
0.47	1.0835
0.45	0.871
0.48	1.244
0.475	1.0265
0.465	0.9605
0.48	1.137
0.46	1
0.475	1.004
0.47	1.128
0.5	1.054
0.475	1.023
0.475	1.129
0.48	1.118
0.475	1.115
0.51	1.2815
0.495	1.2555
0.5	1.293
0.475	1.1295
0.455	1.082
0.505	1.15
0.515	1.264
0.48	1.2035
0.485	1.3205
0.505	1.272
0.485	1.062
0.475	1.0605
0.495	1.093
0.49	1.101
0.5	1.4595
0.495	1.211
0.475	1.1935
0.51	0.986
0.565	1.521
0.525	1.3135
0.51	1.1835
0.5	1.401
0.525	1.5075
0.505	1.16
0.59	1.662
0.525	1.5365
0.51	1.542
0.51	1.567
0.525	1.3595
0.535	1.6445
0.52	1.4545
0.49	1.3585
0.495	1.548
0.515	1.337
0.53	1.491
0.53	1.5615
0.505	1.0145
0.545	1.7375
0.545	1.7925
0.565	1.7635
0.545	1.556
0.565	2.21
0.555	2.141
0.57	1.5345
0.55	1.614
0.575	1.9335
0.575	2.173
0.6	1.737
0.58	1.7375
0.565	2.1275
0.57	2.25
0.61	2.5085
0.65	2.255
0.105	0.014
0.165	0.0515
0.265	0.2215
0.255	0.1985
0.27	0.232
0.28	0.3155
0.3	0.247
0.295	0.3025
0.29	0.329
0.3	0.2815
0.31	0.3425
0.29	0.2825
0.3	0.304
0.32	0.2905
0.315	0.3895
0.34	0.389
0.34	0.4405
0.34	0.369
0.32	0.4565
0.365	0.4465
0.335	0.4475
0.335	0.501
0.355	0.436
0.345	0.4615
0.35	0.4315
0.355	0.3685
0.37	0.649
0.365	0.459
0.365	0.566
0.36	0.542
0.38	0.4725
0.39	0.6435
0.37	0.526
0.38	0.573
0.385	0.5525
0.38	0.6855
0.395	0.556
0.425	0.9365
0.4	0.5625
0.4	0.559
0.4	0.7205
0.43	0.7045
0.4	0.7575
0.41	0.7405
0.43	0.84
0.425	0.793
0.43	0.8745
0.435	0.8715
0.445	0.9875
0.465	1.08
0.46	0.9155
0.46	1.165
0.435	0.953
0.455	0.906
0.44	0.8725
0.465	1.151
0.46	0.9905
0.455	1.04
0.455	0.945
0.465	1.259
0.485	0.9515
0.485	1.201
0.515	1.289
0.485	1.1005
0.475	0.8425
0.485	1.049
0.435	1.012
0.48	1.0725
0.52	1.4105
0.47	1.136
0.47	1.1005
0.5	1.1105
0.455	1.1315
0.48	1.271
0.49	1.336
0.505	1.1345
0.51	1.308
0.515	1.5335
0.515	1.546
0.51	1.539
0.505	1.318
0.545	1.5245
0.515	1.466
0.5	1.3825
0.485	1.175
0.54	1.5555
0.51	1.7835
0.505	1.374
0.515	1.389
0.545	1.7025
0.51	1.5265
0.5	1.519
0.5	1.741
0.515	1.6115
0.525	1.7825
0.55	1.684
0.555	1.858
0.56	1.675
0.565	2.1055
0.575	2.21
0.57	1.8725
0.55	1.893
0.17	0.0475
0.21	0.101
0.215	0.121
0.23	0.117
0.225	0.1465
0.255	0.168
0.26	0.18
0.27	0.1775
0.26	0.1985
0.27	0.2
0.275	0.2205
0.265	0.1845
0.27	0.2225
0.27	0.2175
0.28	0.2165
0.285	0.243
0.29	0.237
0.29	0.2365
0.28	0.257
0.3	0.308
0.3	0.252
0.285	0.281
0.29	0.2225
0.3	0.304
0.3	0.28
0.325	0.313
0.325	0.317
0.315	0.303
0.335	0.3295
0.325	0.367
0.34	0.3245
0.335	0.4195
0.36	0.457
0.35	0.4
0.355	0.4255
0.37	0.4365
0.345	0.393
0.355	0.499
0.36	0.6325
0.36	0.4285
0.36	0.4905
0.37	0.474
0.37	0.536
0.355	0.464
0.375	0.6025
0.375	0.4615
0.4	0.624
0.37	0.4715
0.4	0.602
0.4	0.616
0.39	0.5955
0.375	0.559
0.395	0.6025
0.375	0.6065
0.36	0.4725
0.35	0.4745
0.395	0.6635
0.39	0.5705
0.41	0.646
0.39	0.5545
0.415	0.845
0.39	0.664
0.38	0.615
0.4	0.654
0.4	0.707
0.42	0.5965
0.43	0.6255
0.4	0.555
0.42	0.8365
0.4	0.657
0.43	0.836
0.425	0.742
0.43	0.8195
0.455	0.972
0.42	0.6275
0.425	0.7205
0.425	0.686
0.4	0.686
0.375	0.543
0.42	0.717
0.435	0.7625
0.425	0.639
0.42	0.816
0.415	0.7815
0.425	0.7665
0.395	0.5585
0.435	0.765
0.46	0.9005
0.445	0.8225
0.44	0.7235
0.425	0.849
0.42	0.743
0.44	0.863
0.44	0.802
0.43	0.831
0.45	0.7805
0.45	0.795
0.435	0.848
0.43	0.833
0.445	0.867
0.445	0.7405
0.455	0.867
0.425	0.7965
0.47	1.116
0.45	0.78
0.47	0.985
0.465	0.9965
0.445	0.8015
0.45	0.807
0.435	1.0305
0.445	0.839
0.44	0.9615
0.435	0.834
0.46	1.0335
0.43	0.798
0.445	0.7095
0.445	0.913
0.49	1.207
0.45	1.022
0.46	0.9015
0.435	0.9
0.45	0.838
0.45	0.959
0.46	0.8335
0.46	0.9735
0.475	1.13
0.48	0.9165
0.48	0.9175
0.48	1.0645
0.47	1.059
0.47	1.194
0.455	0.9775
0.475	0.884
0.47	0.8025
0.48	0.991
0.47	0.974
0.505	1.434
0.475	0.983
0.465	1.0725
0.485	1.2405
0.47	1.022
0.475	1.1155
0.465	0.9225
0.47	1.1185
0.485	1.2795
0.47	1.0175
0.475	1.224
0.485	1.154
0.515	1.3255
0.515	1.221
0.54	1.139
0.49	1.066
0.48	1.2215
0.47	0.8565
0.45	0.924
0.48	1.266
0.48	1.0405
0.49	1.1165
0.475	1.0845
0.5	1.0985
0.47	1.1955
0.485	1.362
0.485	1.044
0.505	1.0915
0.5	1.1965
0.49	1.1745
0.485	1.233
0.495	1.2695
0.5	1.489
0.5	1.4345
0.49	1.2435
0.49	1.2615
0.505	1.2235
0.515	1.247
0.525	1.707
0.505	1.1605
0.5	1.286
0.5	1.5595
0.51	1.4745
0.51	1.226
0.51	1.33
0.51	1.2415
0.5	1.3375
0.51	1.363
0.485	1.2215
0.48	1.371
0.495	1.337
0.505	1.274
0.525	1.488
0.51	1.3835
0.55	1.274
0.51	1.043
0.505	1.3485
0.505	1.4405
0.5	1.3195
0.535	1.5175
0.53	1.5505
0.51	1.6375
0.525	1.443
0.505	1.289
0.505	1.2915
0.52	1.3725
0.5	1.2975
0.505	1.2585
0.52	1.39
0.52	1.32
0.55	1.566
0.54	1.619
0.525	1.2835
0.51	1.382
0.52	1.4535
0.51	1.6075
0.52	1.3735
0.565	1.638
0.55	1.569
0.565	1.8565
0.535	1.773
0.545	1.58
0.575	2.009
0.57	1.9805
0.54	1.5805
0.56	2.015
0.57	1.8275
0.55	2.125
0.525	1.445
0.565	2.1425
0.56	1.9425
0.59	1.747
0.565	2.119
0.565	1.938
0.595	2.2205
0.62	2.5155
0.63	2.7795
0.175	0.2315
0.245	0.394
0.27	0.597
0.28	0.564
0.3	0.5965
0.32	0.414
0.335	0.422
0.325	0.82
0.345	0.434
0.325	0.7615
0.36	0.5795
0.365	0.5205
0.37	0.968
0.345	0.869
0.355	0.8795
0.37	1.0615
0.35	0.9225
0.395	1.007
0.365	0.9605
0.38	0.65
0.41	0.7545
0.425	0.771
0.385	1.0835
0.42	0.8935
0.415	1.358
0.385	1.1185
0.38	1.205
0.42	1.3405
0.455	1.02
0.44	1.025
0.45	0.8145
0.43	1.48
0.455	0.953
0.45	0.8915
0.495	1.3005
0.465	1.038
0.475	1.2525
0.475	1.15
0.475	1.1135
0.455	1.1155
0.47	1.0865
0.495	1.254
0.49	1.169
0.495	1.172
0.475	1.1845
0.475	1.0725
0.5	1.3815
0.525	1.6125
0.485	1.7395
0.52	1.5475
0.545	1.4245
0.515	1.3405
0.53	1.4465
0.535	1.5845
0.55	1.679
0.53	1.726
0.545	1.5395
0.55	2.073
0.56	1.5865
0.575	2.069
0.135	0.027
0.18	0.0555
0.215	0.1275
0.26	0.1885
0.265	0.2
0.27	0.197
0.275	0.223
0.27	0.2215
0.31	0.2665
0.3	0.269
0.315	0.2805
0.335	0.3305
0.31	0.2815
0.31	0.2805
0.31	0.311
0.325	0.368
0.34	0.3405
0.335	0.3245
0.33	0.38
0.33	0.335
0.345	0.3215
0.33	0.358
0.37	0.445
0.375	0.487
0.34	0.4535
0.385	0.568
0.36	0.5155
0.37	0.457
0.38	0.5095
0.38	0.5
0.375	0.494
0.38	0.5605
0.405	0.599
0.4	0.7045
0.4	0.7005
0.415	0.7125
0.42	0.6725
0.385	0.5785
0.41	0.5185
0.415	0.6375
0.395	0.5805
0.38	0.6645
0.385	0.581
0.415	0.596
0.405	0.6965
0.4	0.6095
0.43	0.677
0.43	0.7245
0.395	0.575
0.405	0.632
0.455	1.0015
0.425	0.9455
0.395	0.6555
0.39	0.6255
0.425	0.8145
0.43	0.687
0.435	0.7995
0.45	0.804
0.435	0.7495
0.41	0.599
0.4	0.7075
0.45	0.738
0.455	0.837
0.445	0.832
0.445	0.8305
0.415	0.667
0.455	0.9355
0.435	0.8445
0.45	0.895
0.46	0.8715
0.46	1.0005
0.455	0.832
0.44	0.9415
0.415	0.88
0.44	0.803
0.45	0.785
0.45	0.9765
0.435	0.992
0.455	1.013
0.445	0.876
0.465	1.099
0.45	0.8715
0.45	0.8245
0.43	0.7955
0.475	0.857
0.45	0.8265
0.5	0.925
0.44	1.0465
0.44	0.7905
0.44	0.8295
0.455	0.886
0.47	0.97
0.46	1.1805
0.475	0.99
0.465	1.133
0.49	1.071
0.455	0.862
0.47	1.1155
0.48	1.031
0.46	1.1185
0.46	0.957
0.47	1.1785
0.47	1.0285
0.47	1.0875
0.495	1.255
0.495	1.219
0.49	1.035
0.49	1.195
0.495	1.062
0.495	1.5145
0.47	1.309
0.485	1.0295
0.495	1.0485
0.515	1.331
0.505	1.1565
0.445	1.09
0.52	1.354
0.47	0.984
0.49	1.2525
0.485	1.2695
0.52	1.3405
0.505	1.2895
0.525	1.195
0.5	1.273
0.515	1.229
0.53	1.1895
0.48	1.1145
0.515	1.3115
0.49	1.1
0.49	1.1285
0.485	1.4195
0.51	1.6195
0.49	1.32
0.52	1.5535
0.52	1.238
0.51	1.189
0.51	1.375
0.515	1.412
0.525	1.348
0.52	1.1445
0.535	1.4415
0.51	1.218
0.5	1.2475
0.515	1.2695
0.525	1.429
0.53	1.4015
0.515	1.312
0.51	1.473
0.54	1.623
0.54	1.534
0.535	1.3845
0.55	1.6915
0.545	1.5715
0.575	1.773
0.55	1.4405
0.55	1.6245
0.535	1.866
0.575	1.6705
0.565	2.081
0.57	1.6195
0.55	1.8325
0.605	2.173
0.13	0.029
0.11	0.0195
0.15	0.0465
0.21	0.1195
0.2	0.0895
0.215	0.0935
0.21	0.1115
0.21	0.1195
0.21	0.097
0.24	0.133
0.25	0.1745
0.25	0.1695
0.235	0.17
0.25	0.1605
0.27	0.271
0.27	0.2185
0.27	0.196
0.28	0.226
0.275	0.22
0.29	0.3
0.25	0.2875
0.325	0.316
0.315	0.3675
0.32	0.3675
0.325	0.346
0.33	0.4955
0.35	0.4675
0.365	0.522
0.375	0.441
0.365	0.5185
0.39	0.653
0.395	0.5915
0.385	0.4825
0.455	0.6855
0.4	0.6335
0.41	0.6875
0.43	0.741
0.405	0.6355
0.44	0.8395
0.47	0.9205
0.41	0.8215
0.445	0.9255
0.435	0.8295
0.46	1.063
0.465	1.115
0.45	0.837
0.445	0.982
0.49	1.112
0.515	1.3485
0.515	1.5655
0.19	0.086
0.195	0.1065
0.215	0.132
0.215	0.1075
0.255	0.1745
0.24	0.152
0.28	0.2755
0.295	0.293
0.305	0.368
0.31	0.312
0.305	0.336
0.315	0.355
0.305	0.379
0.32	0.378
0.35	0.4655
0.355	0.594
0.345	0.4935
0.345	0.4595
0.36	0.4955
0.355	0.4325
0.38	0.689
0.35	0.5465
0.39	0.617
0.37	0.538
0.39	0.7815
0.38	0.6355
0.385	0.6435
0.385	0.5115
0.42	0.738
0.42	0.699
0.385	0.7655
0.42	0.7505
0.43	0.844
0.41	0.8705
0.42	0.668
0.44	0.83
0.45	0.8685
0.435	0.839
0.485	1.079
0.465	0.919
0.47	1.1345
0.43	0.909
0.48	1.2435
0.49	1.056
0.495	1.2095
0.5	1.238
0.525	1.644
0.55	1.7725
0.54	1.2525
0.57	1.761
0.5	1.3165
0.585	1.914
0.575	2.1
0.555	1.6895
0.57	2.032
0.39	0.66
0.425	0.7455
0.385	0.616
0.305	0.2825
0.3	0.3355
0.39	0.651
0.33	0.361
0.35	0.4775
0.31	0.3465
0.29	0.25
0.38	0.66
0.31	0.315
0.29	0.276
0.385	0.5395
0.48	1.04
0.455	1.041
0.55	1.6885
0.535	2.1835
0.49	1.2105
0.25	0.166
0.355	0.452
0.405	0.7185
0.29	0.232
0.095	0.0105
0.13	0.0275
0.225	0.1445
0.29	0.282
0.38	0.608
0.37	0.433
0.325	0.3295
0.36	0.4555
0.35	0.4585
0.21	0.275
0.295	0.335
0.375	0.4265
0.4	0.5765
0.31	0.127
0.51	1.1505
0.47	0.8915
0.455	0.97
0.24	0.18
0.41	0.6985
0.35	0.4585
0.33	0.4005
0.425	0.7145
0.425	0.932
0.455	0.966
0.465	0.9995
0.53	1.496
0.36	0.5065
0.24	0.1735
0.35	0.3945
0.37	0.4665
0.35	0.401
0.325	0.3455
0.35	0.5205
0.375	0.4935
0.31	0.3245
0.195	0.106
0.355	0.4415
0.585	1.966
0.3	0.3025
0.2	0.1225
0.44	0.879
0.46	1.2275
0.5	1.2715
0.495	1.806
0.42	0.8085
0.51	1.3905
0.55	1.8465
0.565	2.1995
0.565	1.817
0.47	0.897
0.305	0.3245
0.45	1.136
0.28	0.2735
0.275	0.2405
0.235	0.1545
0.115	0.0145
0.21	0.1185
0.13	0.0295
0.15	0.0385
0.465	0.799
0.5	1.1845
0.45	0.925
0.45	1.098
0.45	1.071
0.48	0.975
0.47	1.283
0.42	1.0595
0.42	0.9195
0.43	0.9295
0.4	0.8085
0.235	0.1485
0.34	0.4475
0.4	0.6865
0.385	0.6335
0.37	0.547
0.37	0.585
0.47	0.927
0.495	1.4935
0.485	1.0405
0.17	0.0605
0.325	0.3675
0.215	0.099
0.28	0.233
0.305	0.3625
0.19	0.081
0.55	1.596
0.515	1.4005
0.49	1.406
0.405	0.9245
0.48	1.36
0.345	0.43
0.22	0.1365
0.225	0.14
0.34	0.4215
0.525	1.5765
0.465	1.2125
0.505	1.6305
0.47	1.142
0.495	1.366
0.51	1.539
0.325	0.445
0.35	0.5725
0.26	0.19
0.415	0.764
0.39	0.853
0.375	0.5885
0.46	0.7875
0.465	1.035
0.525	1.352
0.455	0.958
0.425	0.797
0.475	0.857
0.28	0.2235
0.2	0.086
0.39	0.692
0.28	0.2225
0.43	0.7575
0.4	0.729
0.445	0.903
0.475	1.0965
0.45	0.903
0.48	1.229
0.435	1.106
0.465	1.171
0.335	0.444
0.36	0.4755
0.315	0.388
0.32	0.3785
0.38	0.486
0.36	0.5265
0.28	0.2275
0.375	0.5105
0.325	0.3105
0.365	0.543
0.27	0.2225
0.455	0.998
0.59	1.5455
0.485	1.2675
0.46	1.1
0.5	1.4285
0.495	1.793
0.395	0.6185
0.38	0.5825
0.415	0.7485
0.335	0.406
0.465	1.1005
0.46	0.869
0.43	0.955
0.455	0.9215
0.51	1.456
0.45	0.893
0.575	2.226
0.51	1.2125
0.48	1.0675
0.445	0.8525
0.45	0.8615
0.475	1.162
0.41	0.8705
0.51	1.598
0.52	1.406
0.57	2.033
0.525	1.259
0.48	1.0935
0.475	1.1805
0.405	0.7175
0.405	0.7575
0.375	0.487
0.415	0.5705
0.385	0.6905
0.345	0.4475
0.315	0.347
0.33	0.352
0.395	0.7145
0.305	0.3315
0.265	0.18
0.475	0.974
0.27	0.185
0.375	0.563
0.3	0.3215
0.26	0.179
0.425	0.702
0.415	0.8045
0.45	0.8075
0.36	0.578
0.325	0.385
0.385	0.585
0.405	0.6375
0.425	0.813
0.375	0.5735
0.455	0.94
0.49	1.008
0.415	0.775
0.5	1.1445
0.375	0.6
0.355	0.515
0.375	0.5795
0.35	0.384
0.265	0.2965
0.24	0.137
0.47	0.991
0.475	0.925
0.435	0.805
0.435	0.8915
0.42	0.769
0.385	0.6185
0.395	0.6515
0.31	0.2875
0.395	0.5545
0.435	0.7365
0.325	0.306
0.535	1.496
0.305	0.3605
0.345	0.3045
0.395	0.592
0.425	0.7995
0.39	0.5825
0.345	0.3435
0.46	0.906
0.42	0.6295
0.55	1.5515
0.63	2.526
0.49	1.103
0.48	0.957
0.455	0.86
0.485	1.62
0.52	1.407
0.47	0.9
0.24	0.1455
0.185	0.075
0.125	0.0235
0.55	1.247
0.565	1.7265
0.43	0.8025
0.4	0.764
0.43	0.8645
0.36	0.4715
0.435	0.631
0.475	0.9455
0.53	1.3185
0.56	1.7265
0.495	1.081
0.44	0.9025
0.47	1.1415
0.455	1.027
0.485	1.3445
0.525	1.449
0.44	0.7745
0.45	0.7895
0.525	1.3665
0.475	1.0295
0.47	1.031
0.505	1.065
0.57	1.885
0.545	1.2425
0.595	1.969
0.44	0.9445
0.325	0.354
0.125	0.023
0.325	0.3575
0.405	0.5965
0.335	0.383
0.275	0.2065
0.34	0.382
0.41	0.6315
0.325	0.3285
0.265	0.2165
0.135	0.0305
0.115	0.024
0.43	0.7365
0.39	0.6005
0.345	0.4285
0.345	0.496
0.365	0.6195
0.35	0.567
0.375	0.6505
0.34	0.4495
0.35	0.4485
0.29	0.241
0.25	0.197
0.22	0.1425
0.46	1.2395
0.475	1.0385
0.465	0.972
0.505	1.3315
0.385	0.762
0.43	0.775
0.33	0.437
0.415	0.6985
0.355	0.435
0.225	0.1295
0.455	0.8435
0.515	1.25
0.46	1.017
0.43	1.411
0.485	1.208
0.5	1.0705
0.375	0.5895
0.395	0.537
0.245	0.15
0.38	0.651
0.305	0.28
0.315	0.287
0.315	0.3525
0.235	0.12
0.35	0.494
0.36	0.4765
0.255	0.2145
0.415	0.595
0.365	0.4805
0.315	0.321
0.2	0.096
0.45	0.9315
0.435	0.782
0.19	0.0945
0.385	0.6695
0.255	0.213
0.38	0.525
0.5	1.312
0.485	1.087
0.515	1.523
0.5	1.319
0.38	0.579
0.4	0.8175
0.24	0.17
0.4	0.796
0.255	0.197
0.355	0.5255
0.415	0.879
0.355	0.4625
0.335	0.4565
0.355	0.528
0.38	0.5835
0.435	0.884
0.205	0.096
0.265	0.1855
0.285	0.27
0.33	0.463
0.26	0.198
0.305	0.282
0.2	0.0995
0.2	0.092
0.17	0.0625
0.18	0.073
0.185	0.071
0.145	0.036
0.47	1.099
0.35	0.5905
0.385	0.768
0.325	0.413
0.405	0.8505
0.405	0.6915
0.39	0.709
0.325	0.3755
0.415	0.8185
0.275	0.227
0.415	0.8245
0.475	1.1825
0.44	1.122
0.515	1.6115
0.47	1.2985
0.49	1.3
0.455	1.161
0.485	1.489
0.42	1.008
0.355	0.441
0.44	0.742
0.425	0.7
0.285	0.271
0.4	0.8565
0.415	0.8975
0.36	0.6105
0.26	0.1925
0.4	0.6635
0.51	1.235
0.385	0.7615
0.39	0.592
0.325	0.39
0.395	0.7565
0.38	0.57
0.31	0.2865
0.305	0.2935
0.36	0.567
0.4	0.6245
0.4	0.8415
0.4	0.7775
0.41	0.989
0.39	0.6905
0.26	0.2
0.21	0.109
0.23	0.127
0.24	0.2885
0.255	0.18
0.3	0.144
0.325	0.4665
0.315	0.33
0.315	0.3625
0.32	0.34
0.31	0.365
0.375	0.5
0.35	0.6265
0.37	0.5555
0.375	0.6015
0.365	0.53
0.37	0.6315
0.4	0.7715
0.39	0.6125
0.425	0.872
0.42	0.8115
0.45	0.8795
0.44	0.983
0.46	1.145
0.455	1.09
0.48	1.262
0.49	1.185
0.475	1.4405
0.5	1.332
0.485	1.1405
0.475	1.201
0.49	1.33
0.5	1.362
0.585	1.647
0.5	1.4995
0.545	1.6225
0.525	1.786
0.535	1.791
0.555	1.925
0.55	1.689
0.55	1.659
0.53	2.0475
0.525	1.6015
0.57	2.0165
0.15	0.04
0.17	0.0565
0.18	0.064
0.195	0.0875
0.21	0.106
0.22	0.1315
0.22	0.126
0.225	0.155
0.235	0.149
0.265	0.185
0.29	0.2545
0.285	0.237
0.295	0.279
0.31	0.3205
0.325	0.3335
0.335	0.3885
0.345	0.545
0.325	0.4165
0.355	0.495
0.35	0.4775
0.35	0.468
0.35	0.4555
0.35	0.46
0.345	0.4155
0.345	0.4215
0.355	0.474
0.34	0.486
0.385	0.5735
0.355	0.468
0.37	0.5135
0.375	0.6215
0.38	0.494
0.385	0.6005
0.395	0.646
0.415	0.7945
0.425	0.812
0.42	0.828
0.41	0.681
0.405	0.889
0.435	0.7345
0.425	0.964
0.425	0.963
0.445	0.995
0.435	0.8585
0.45	0.948
0.445	0.888
0.45	0.9045
0.465	1.046
0.47	1.1775
0.465	1.0765
0.465	1.0255
0.46	0.9325
0.46	1.235
0.46	1.247
0.48	1.1495
0.485	1.1575
0.5	1.327
0.47	1.2
0.51	1.2705
0.485	1.2155
0.475	1.3245
0.48	1.3555
0.49	1.127
0.49	1.1075
0.495	1.4255
0.495	1.147
0.48	1.286
0.495	1.596
0.495	1.297
0.49	1.251
0.5	1.5105
0.5	1.4415
0.52	1.6385
0.545	1.933
0.54	1.71
0.55	1.8495
0.525	1.742
0.575	1.7975
0.56	2.381
0.585	2.398
0.6	2.1945
0.16	0.049
0.205	0.1055
0.21	0.1045
0.24	0.163
0.285	0.2275
0.29	0.219
0.315	0.3645
0.33	0.3265
0.34	0.3515
0.32	0.3465
0.34	0.407
0.335	0.4215
0.345	0.3755
0.37	0.5335
0.355	0.442
0.365	0.1315
0.375	0.5205
0.375	0.5535
0.375	0.5445
0.38	0.554
0.38	0.512
0.39	0.583
0.38	0.5765
0.4	0.723
0.395	0.5395
0.385	0.625
0.4	0.5925
0.395	0.633
0.43	0.832
0.42	0.778
0.42	0.7865
0.4	0.778
0.42	0.636
0.44	0.8435
0.425	0.648
0.43	0.784
0.45	0.908
0.45	1.02
0.43	0.811
0.48	0.897
0.455	0.852
0.45	0.938
0.435	0.6955
0.47	0.861
0.46	1.004
0.46	1.0115
0.465	1.1005
0.47	1.108
0.46	0.852
0.49	1.9875
0.48	1.079
0.475	1.055
0.45	1.198
0.47	1.084
0.475	1.103
0.49	1.1
0.48	1.1015
0.495	1.3835
0.49	1.115
0.48	1.085
0.505	1.3165
0.51	1.3415
0.465	1.027
0.515	1.1845
0.48	1.192
0.52	1.285
0.515	1.1805
0.52	1.2655
0.535	1.2895
0.51	1.407
0.49	1.122
0.515	1.4465
0.505	1.349
0.5	1.269
0.51	1.68
0.55	1.551
0.52	1.4775
0.53	1.529
0.525	1.7585
0.55	1.523
0.53	1.7315
0.55	1.51
0.57	1.88
0.575	2.012
0.555	2.201
0.14	0.0315
0.15	0.04
0.175	0.0635
0.215	0.0985
0.25	0.167
0.245	0.2015
0.255	0.183
0.255	0.187
0.26	0.1795
0.275	0.2065
0.29	0.3
0.275	0.2295
0.3	0.343
0.285	0.244
0.32	0.3075
0.305	0.3415
0.305	0.271
0.31	0.91
0.305	0.268
0.3	0.2885
0.315	0.3
0.325	0.326
0.335	0.358
0.325	0.314
0.315	0.4025
0.34	0.3645
0.36	0.4235
0.325	0.4305
0.335	0.3505
0.34	0.486
0.35	0.471
0.345	0.415
0.355	0.5195
0.375	0.5895
0.38	0.5215
0.365	0.4475
0.365	0.5585
0.385	0.596
0.38	0.5385
0.385	0.7665
0.395	0.516
0.41	0.7355
0.39	0.531
0.385	0.607
0.415	0.7055
0.4	0.6445
0.375	0.6315
0.43	0.7845
0.44	0.9475
0.43	0.712
0.425	0.89
0.42	0.912
0.425	0.656
0.465	0.936
0.435	0.6975
0.445	1.1465
0.44	0.825
0.435	0.72
0.43	0.8215
0.445	1.017
0.435	0.8975
0.44	1.2255
0.465	0.9865
0.425	0.844
0.46	0.8465
0.465	0.885
0.42	0.6735
0.455	0.8755
0.47	0.9235
0.475	0.977
0.475	1.0305
0.48	1.05
0.495	1.1145
0.45	0.877
0.51	1.285
0.48	1.3065
0.45	0.8725
0.46	1.0265
0.465	1.1605
0.48	1.0125
0.5	1.096
0.49	1.205
0.505	1.221
0.475	1.0005
0.47	1.1355
0.525	1.3135
0.505	1.1955
0.485	1.098
0.495	1.139
0.495	1.2265
0.515	1.042
0.52	1.368
0.51	1.446
0.505	1.4045
0.525	1.463
0.525	1.711
0.54	1.74
0.54	1.757
0.565	1.601
0.55	2.165
0.57	2.3305
0.17	0.0545
0.195	0.0725
0.2	0.0925
0.235	0.183
0.24	0.1525
0.225	0.187
0.27	0.232
0.265	0.196
0.285	0.2545
0.29	0.2625
0.335	0.362
0.35	0.4445
0.365	0.511
0.375	0.589
0.365	0.5945
0.375	0.529
0.4	0.872
0.395	0.77
0.43	0.8435
0.405	0.818
0.42	0.8035
0.415	0.8115
0.425	0.782
0.42	0.8745
0.445	0.984
0.445	0.95
0.47	1.1735
0.455	0.976
0.485	1.0785
0.435	1.057
0.475	1.11
0.45	1.142
0.475	1.1255
0.48	1.1045
0.475	1.3405
0.5	1.082
0.485	1.254
0.49	1.2005
0.485	1.243
0.51	1.286
0.49	1.1665
0.49	1.144
0.525	1.385
0.515	1.309
0.515	1.527
0.515	1.6385
0.54	1.691
0.565	1.719
0.55	1.52
0.565	1.613
0.57	2.2355
0.595	2.3235
0.23	0.1245
0.235	0.1285
0.205	0.181
0.25	0.1585
0.26	0.1965
0.28	0.198
0.27	0.1855
0.28	0.2145
0.315	0.3245
0.305	0.2625
0.34	0.371
0.335	0.298
0.31	0.336
0.36	0.447
0.35	0.4085
0.385	0.587
0.375	0.494
0.375	0.614
0.39	0.5075
0.37	0.5445
0.425	0.6115
0.4	0.5605
0.365	0.521
0.4	0.5775
0.4	0.5935
0.4	0.597
0.465	0.9505
0.38	0.616
0.405	0.8315
0.445	0.8725
0.425	0.8155
0.415	0.619
0.43	0.7595
0.43	0.742
0.435	0.804
0.425	0.664
0.435	0.745
0.43	0.728
0.435	0.777
0.425	0.8765
0.455	0.9895
0.45	0.9655
0.465	0.9065
0.46	1.049
0.45	0.9705
0.45	0.92
0.445	0.9525
0.44	0.7855
0.45	0.855
0.5	1.142
0.46	0.755
0.475	0.9745
0.47	1.2015
0.46	1.1295
0.445	0.9205
0.48	1.056
0.45	1.34
0.45	0.9625
0.465	1.0475
0.495	1.0915
0.49	1.167
0.48	0.9995
0.425	1.0485
0.47	1.2735
0.48	1.0625
0.49	1.1545
0.475	1.194
0.515	1.1215
0.455	0.9335
0.495	1.198
0.475	0.9545
0.475	1.3585
0.495	1.2075
0.515	1.217
0.5	1.217
0.49	0.92
0.49	0.8765
0.48	1.2615
0.53	1.2795
0.485	1.167
0.51	1.1885
0.485	1.3765
0.52	1.292
0.485	1.1795
0.5	1.29
0.515	1.2075
0.505	1.297
0.575	1.4585
0.485	1.151
0.52	1.197
0.495	1.539
0.52	1.676
0.565	1.6645
0.5	1.528
0.515	1.494
0.525	1.277
0.525	1.5965
0.51	1.3805
0.485	1.2565
0.525	1.527
0.525	1.4005
0.525	1.4405
0.54	1.482
0.515	1.2345
0.505	1.3435
0.505	1.533
0.515	1.8445
0.55	1.825
0.58	2.0885
0.59	2.087
0.575	1.884
0.215	0.305
0.345	0.4295
0.33	0.449
0.365	1.029
0.355	0.981
0.37	0.5745
0.38	0.693
0.37	1.183
0.41	0.7905
0.4	1.224
0.4	0.775
0.405	1.2705
0.405	1.406
0.425	0.873
0.425	0.9415
0.44	1.007
0.485	1.0835
0.43	0.9845
0.43	1.5245
0.475	1.024
0.485	1.281
0.5	1.148
0.49	1.136
0.51	1.2235
0.525	1.3695
0.485	1.006
0.495	1.307
0.505	1.463
0.505	1.2905
0.515	1.4265
0.54	1.7885
0.545	1.6135
0.585	2.2305
0.615	2.2635
0.185	0.074
0.26	0.2075
0.285	0.237
0.3	0.2665
0.28	0.215
0.3	0.253
0.32	0.309
0.335	0.3535
0.325	0.335
0.32	0.3875
0.33	0.365
0.34	0.4045
0.355	0.372
0.37	0.3965
0.375	0.5225
0.375	0.456
0.33	0.44
0.375	0.507
0.38	0.5285
0.385	0.572
0.41	0.6625
0.395	0.6445
0.4	0.6275
0.42	0.6885
0.41	0.6835
0.42	0.6855
0.405	0.6755
0.445	0.783
0.45	0.894
0.44	0.768
0.45	0.95
0.47	0.871
0.47	0.9785
0.43	0.7425
0.445	0.737
0.445	0.9175
0.435	0.8785
0.45	1.1275
0.435	0.9765
0.47	0.974
0.405	0.853
0.47	0.991
0.48	0.9125
0.46	0.921
0.45	0.869
0.45	0.8665
0.495	1.089
0.485	0.9615
0.49	1.145
0.475	0.907
0.515	1.1635
0.515	1.1955
0.495	1.31
0.505	1.251
0.49	1.145
0.5	1.154
0.485	1.1335
0.5	1.2015
0.505	1.5595
0.51	1.3165
0.54	1.403
0.49	1.204
0.455	1.2895
0.53	1.5175
0.525	1.3575
0.52	1.3645
0.52	1.494
0.56	1.664
0.51	1.545
0.535	1.5855
0.555	1.666
0.56	1.724
0.55	1.908
0.575	2.073
0.17	0.0515
0.17	0.057
0.185	0.0925
0.27	0.204
0.31	0.3075
0.32	0.262
0.35	0.458
0.355	0.491
0.38	0.474
0.395	0.5805
0.43	0.728
0.4	0.622
0.415	0.706
0.395	0.5685
0.435	0.9385
0.43	0.655
0.48	0.9465
0.43	0.9115
0.455	0.942
0.465	1.193
0.5	1.461
0.525	1.489
0.215	0.1115
0.22	0.1235
0.275	0.2815
0.285	0.226
0.29	0.2285
0.3	0.2995
0.325	0.361
0.32	0.3045
0.325	0.3975
0.34	0.379
0.34	0.4995
0.405	0.7775
0.36	0.4705
0.415	0.751
0.4	0.714
0.4	0.6995
0.425	0.952
0.42	0.8755
0.45	0.9215
0.45	0.8285
0.46	1.206
0.495	1.2865
0.485	1.1945
0.495	1.1655
0.49	1.2155
0.515	1.1735
0.505	1.532
0.53	1.5105
0.39	0.5565
0.36	0.547
0.35	0.5165
0.42	0.764
0.36	0.488
0.4	0.6905
0.26	0.1835
0.425	0.97
0.135	0.033
0.165	0.059
0.15	0.046
0.48	1.3235
0.42	0.8465
0.45	1.047
0.5	1.2785
0.53	1.8745
0.54	1.978
0.505	1.367
0.5	1.742
0.375	0.513
0.335	0.4085
0.41	0.56
0.395	0.635
0.44	0.875
0.35	0.397
0.435	0.806
0.255	0.204
0.2	0.1165
0.22	0.17
0.49	1.194
0.44	0.765
0.475	1.151
0.41	0.6765
0.54	1.571
0.49	1.153
0.47	1.114
0.45	0.9125
0.465	0.872
0.405	0.792
0.405	0.606
0.265	0.2265
0.355	0.3955
0.405	0.61
0.38	0.539
0.41	0.657
0.3	0.2505
0.195	0.102
0.295	0.2685
0.385	0.551
0.505	1.307
0.44	0.9185
0.545	1.707
0.415	0.8805
0.36	0.4965
0.385	0.632
0.575	2.2695
0.405	0.9235
0.145	0.0345
0.515	1.3315
0.405	0.72
0.435	1.032
0.47	1.017
0.405	0.98
0.245	0.1495
0.235	0.1515
0.335	0.478
0.38	0.578
0.405	0.6835
0.3	0.2725
0.485	1.511
0.505	1.3035
0.53	1.3955
0.265	0.1975
0.215	0.116
0.38	0.523
0.25	0.1565
0.34	0.384
0.45	1.0055
0.48	1.1345
0.46	1.0835
0.42	0.868
0.495	1.0915
0.485	1.271
0.51	1.4985
0.34	0.388
0.505	1.2355
0.525	1.402
0.4	0.6025
0.305	0.2775
0.435	0.973
0.415	0.753
0.525	1.3765
0.35	0.375
0.32	0.4135
0.35	0.56
0.325	0.3915
0.505	1.2765
0.455	0.96
0.325	0.3745
0.41	0.696
0.48	1.2955
0.485	1.2315
0.535	1.383
0.285	0.2225
0.51	1.156
0.53	1.477
0.54	1.5715
0.435	0.858
0.525	1.4995
0.48	1.467
0.51	1.092
0.555	1.8165
0.55	1.6365
0.435	0.906
0.495	1.213
0.5	1.06
0.24	0.161
0.35	0.459
0.375	0.533
0.38	0.6175
0.35	0.366
0.35	0.4195
0.23	0.15
0.48	0.8745
0.385	0.655
0.375	0.484
0.505	1.4435
0.435	0.8775
0.52	1.3105
0.485	1.2515
0.45	0.9085
0.5	1.1705
0.38	0.528
0.385	0.6625
0.335	0.4335
0.31	0.3595
0.465	1.107
0.475	0.8595
0.425	0.7735
0.36	0.4365
0.375	0.501
0.405	0.6735
0.355	0.415
0.385	0.4775
0.39	0.5555
0.415	0.6445
0.53	1.428
0.54	1.6195
0.45	0.81
0.475	1.0385
0.475	0.9715
0.44	0.868
0.57	1.522
0.51	1.1255
0.46	0.7085
0.475	1.0185
0.42	0.72
0.395	0.6175
0.405	0.738
0.375	0.597
0.455	1.156
0.5	1.22
0.45	0.7485
0.485	1.0735
0.5	1.229
0.5	1.146
0.485	1.145
0.5	1.1055
0.525	1.67
0.575	1.555
0.45	0.9285
0.435	0.8085
0.445	1.057
0.3	0.2595
0.325	0.438
0.2	0.099
0.355	0.5085
0.485	1.166
0.38	0.507
0.41	0.6345
0.31	0.314
0.355	0.4385
0.26	0.195
0.35	0.451
0.2	0.084
0.125	0.0245
0.555	1.4685
0.425	0.7765
0.385	0.5425
0.37	0.5885
0.3	0.3375
0.28	0.2565
0.265	0.163
0.415	0.8095
0.48	1.3655
0.475	0.967
0.435	0.6855
0.305	0.314
0.34	0.7005
0.34	0.4895
0.36	0.45
0.3	0.259
0.325	0.382
0.35	0.4435
0.525	1.6935
0.525	1.71
0.475	0.8575
0.435	0.97
0.39	0.59
0.33	0.34
0.365	0.385
0.38	0.515
0.38	0.59
0.4	0.51
0.32	0.3005
0.385	0.683
0.375	0.468
0.345	0.4075
0.38	0.584
0.405	0.829
0.365	0.4545
0.36	0.4385
0.34	0.407
0.3	0.3085
0.285	0.239
0.215	0.106
0.445	1.178
0.44	1.073
0.315	0.306
0.3	0.301
0.405	0.7585
0.245	0.171
0.31	0.3625
0.21	0.0905
0.465	1.0885
0.48	1.097
0.46	1.278
0.345	0.44
0.235	0.163
0.33	0.522
0.405	0.9715
0.375	0.588
0.33	0.5325
0.235	0.127
0.19	0.0815
0.255	0.1635
0.21	0.1
0.13	0.0265
0.435	0.9955
0.4	0.6605
0.375	0.721
0.225	0.1485
0.35	0.487
0.4	0.955
0.41	0.873
0.535	1.65
0.465	1.1285
0.44	1.1115
0.42	0.9745
0.515	1.4605
0.435	1.0105
0.48	1.0765
0.45	1.2225
0.475	1.616
0.375	0.559
0.285	0.2205
0.35	0.44
0.43	0.879
0.395	0.6815
0.345	0.5795
0.265	0.209
0.28	0.224
0.25	0.1765
0.28	0.196
0.265	0.192
0.315	0.3095
0.31	0.313
0.31	0.3595
0.32	0.3855
0.355	0.5785
0.395	0.674
0.37	0.5265
0.465	1.0315
0.45	0.9
0.46	1.0165
0.48	1.2495
0.47	1.1685
0.475	1.148
0.475	1.089
0.47	1.0325
0.475	1.172
0.51	1.3715
0.545	1.5055
0.55	1.9045
0.605	2.4925
0.18	0.0805
0.21	0.111
0.24	0.152
0.265	0.199
0.27	0.219
0.27	0.2155
0.28	0.2565
0.285	0.257
0.275	0.2505
0.3	0.279
0.335	0.378
0.35	0.456
0.37	0.5055
0.355	0.4705
0.37	0.643
0.37	0.513
0.4	0.569
0.4	0.578
0.385	0.596
0.39	0.5725
0.39	0.6435
0.395	0.8115
0.44	0.7115
0.44	0.9155
0.44	0.8815
0.42	0.931
0.46	1.065
0.475	1.1385
0.48	1.234
0.495	1.2635
0.47	1.0745
0.505	1.403
0.485	1.1325
0.495	1.1115
0.47	1.255
0.485	1.437
0.495	1.3635
0.48	1.1435
0.5	1.4545
0.525	1.478
0.52	1.6885
0.585	2.0725
0.565	1.787
0.58	1.523
0.12	0.021
0.15	0.0455
0.265	0.2435
0.315	0.2675
0.29	0.258
0.3	0.2985
0.335	0.411
0.33	0.38
0.34	0.4385
0.345	0.4015
0.355	0.4485
0.355	0.4155
0.42	0.7095
0.37	0.637
0.475	1.1155
0.405	0.599
0.38	0.5345
0.42	0.627
0.42	0.7465
0.44	0.985
0.44	0.85
0.44	0.838
0.43	0.812
0.415	0.7615
0.44	0.87
0.45	0.9835
0.46	0.929
0.47	1.0155
0.41	0.939
0.475	1.164
0.47	1.214
0.49	1.1345
0.51	1.233
0.495	1.0815
0.47	1.179
0.5	1.1635
0.475	1.1545
0.52	1.3345
0.505	1.469
0.52	1.492
0.54	1.5585
0.5	1.3275
0.525	1.6615
0.525	1.492
0.575	1.7365
0.56	1.6605
0.57	1.348
0.545	1.7405
0.545	1.7185
0.15	0.041
0.185	0.0655
0.205	0.097
0.24	0.131
0.23	0.1695
0.26	0.192
0.26	0.1765
0.265	0.1735
0.265	0.1785
0.265	0.2055
0.275	0.2345
0.285	0.2305
0.31	0.314
0.315	0.33
0.265	0.2775
0.325	0.405
0.325	0.309
0.335	0.4385
0.34	0.396
0.355	0.3615
0.35	0.514
0.435	0.4265
0.34	0.384
0.355	0.4865
0.36	0.4355
0.35	0.498
0.355	0.494
0.37	0.594
0.365	0.528
0.39	0.5585
0.4	0.636
0.39	0.567
0.405	0.6615
0.42	0.658
0.415	0.78
0.41	0.6075
0.41	0.7025
0.425	0.8725
0.45	1.2365
0.47	1.186
0.42	0.7745
0.42	0.8875
0.455	0.8725
0.44	0.8515
0.475	0.895
0.45	0.886
0.46	0.9265
0.46	0.8295
0.47	0.907
0.47	1.041
0.465	0.9355
0.46	1.058
0.465	0.7955
0.47	1.0805
0.47	0.928
0.475	1.059
0.475	1.157
0.475	1.088
0.485	0.776
0.48	1.043
0.48	1.1415
0.475	1.3335
0.5	1.273
0.49	1.1835
0.485	1.2135
0.465	1.0315
0.495	1.3695
0.515	1.3745
0.515	1.463
0.52	1.6275
0.475	1.3875
0.525	1.46
0.53	1.2835
0.5	1.3765
0.515	1.6465
0.515	1.265
0.53	1.56
0.52	1.6
0.555	2.333
0.125	0.028
0.285	0.226
0.3	0.2855
0.325	0.325
0.37	0.514
0.375	0.5755
0.375	0.5805
0.39	0.678
0.43	0.8035
0.405	0.913
0.45	0.8675
0.465	1.0425
0.46	1.14
0.49	1.3475
0.475	1.0735
0.475	1.4335
0.495	1.304
0.46	0.9505
0.515	1.385
0.5	1.12
0.5	1.2645
0.455	1.275
0.505	1.27
0.53	1.583
0.5	1.4355
0.525	1.42
0.53	1.5955
0.525	1.89
0.565	2.037
0.205	0.084
0.225	0.1005
0.22	0.1285
0.225	0.1345
0.22	0.1195
0.265	0.1895
0.275	0.257
0.29	0.2745
0.325	0.342
0.34	0.344
0.32	0.3275
0.345	0.4035
0.37	0.4075
0.355	0.4975
0.345	0.3685
0.365	0.4175
0.335	0.4425
0.35	0.4225
0.365	0.426
0.39	0.511
0.405	0.573
0.415	0.6385
0.405	0.657
0.425	0.8735
0.425	0.781
0.42	0.6765
0.41	0.769
0.395	0.6235
0.405	0.7315
0.45	0.8075
0.41	0.737
0.41	0.654
0.415	0.7915
0.45	0.753
0.4	0.717
0.43	0.783
0.45	0.872
0.44	0.983
0.42	1.034
0.465	0.9855
0.46	0.7635
0.465	0.9895
0.47	0.9365
0.44	0.964
0.46	1.0455
0.45	1.081
0.47	1.012
0.5	1.122
0.49	1.1245
0.49	1.1345
0.45	1.0805
0.495	1.0835
0.47	1.242
0.5	1.3915
0.525	1.085
0.47	0.966
0.48	1.0855
0.485	1.3025
0.485	1.15
0.49	1.217
0.505	1.306
0.5	1.273
0.51	1.4865
0.52	1.3655
0.495	1.276
0.495	1.2075
0.52	1.281
0.525	1.4275
0.51	1.155
0.51	1.35
0.525	1.3685
0.53	1.431
0.51	1.261
0.54	1.764
0.51	1.278
0.54	1.217
0.54	1.46
0.535	1.5575
0.51	1.527
0.53	1.4985
0.55	1.885
0.535	1.432
0.55	1.4385
0.53	1.564
0.555	2.14
0.56	1.792
0.6	2.548
0.13	0.1585
0.25	0.4015
0.25	0.465
0.28	0.2885
0.32	0.6475
0.31	0.6485
0.36	0.452
0.355	0.4915
0.365	0.9145
0.375	0.976
0.395	0.7865
0.4	0.775
0.375	0.8415
0.38	0.681
0.37	0.6145
0.415	1.1655
0.42	1.764
0.455	1.1215
0.505	1.167
0.475	1.0375
0.48	1.223
0.47	1.124
0.505	1.2635
0.525	1.238
0.5	1.4045
0.525	1.37
0.525	1.8185
0.555	1.7525
0.205	0.101
0.205	0.106
0.265	0.1865
0.29	0.2575
0.315	0.3225
0.33	0.32
0.375	0.4155
0.335	0.3935
0.355	0.4775
0.36	0.452
0.37	0.5065
0.395	0.5525
0.39	0.565
0.41	0.699
0.4	0.6055
0.425	0.7905
0.425	0.702
0.42	0.675
0.395	0.475
0.41	0.612
0.4	0.705
0.45	0.728
0.44	0.846
0.46	0.86
0.465	0.8875
0.43	0.898
0.43	0.6545
0.45	0.795
0.465	1.0535
0.46	0.927
0.42	0.701
0.45	0.8275
0.42	0.9845
0.47	0.9565
0.45	0.86
0.48	1.1785
0.48	1.2205
0.455	0.9685
0.5	1.107
0.48	1.1305
0.48	1.2555
0.495	1.177
0.5	1.2425
0.49	1.09
0.475	1.072
0.51	1.129
0.505	1.2075
0.495	1.227
0.52	1.472
0.525	1.5785
0.52	1.4755
0.54	1.5545
0.54	1.593
0.58	1.8995
0.535	1.361
0.56	1.4575
0.58	2.381
0.155	0.0495
0.23	0.1455
0.23	0.129
0.27	0.2255
0.305	0.359
0.31	0.3505
0.365	0.5885
0.385	0.623
0.375	0.5375
0.4	0.5655
0.445	0.8625
0.49	1.137
0.26	0.221
0.275	0.2425
0.34	0.386
0.355	0.5315
0.385	0.562
0.445	0.836
0.45	0.9275
0.44	0.8815
0.46	1.03
0.48	1.1685
0.455	1.059
0.46	1.127
0.47	1.1665
0.52	1.541
0.54	1.7825
0.52	1.543
0.555	1.47
0.385	0.6335
0.42	0.754
0.365	0.4485
0.41	0.8105
0.26	0.22
0.35	0.4425
0.325	0.3555
0.105	0.034
0.25	0.185
0.425	0.79
0.41	0.8255
0.42	0.62
0.475	0.9525
0.45	0.955
0.45	0.91
0.35	0.416
0.275	0.2045
0.37	0.515
0.535	1.604
0.3	0.3435
0.295	0.3005
0.44	0.8255
0.41	0.785
0.465	0.9685
0.4	0.731
0.335	0.4405
0.255	0.1785
0.515	1.373
0.45	0.9765
0.44	1.018
0.465	1.082
0.475	1.423
0.37	0.655
0.5	1.4155
0.235	0.1385
0.395	0.782
0.43	0.717
0.39	0.6355
0.34	0.3975
0.385	0.656
0.44	0.744
0.36	0.447
0.4	0.578
0.25	0.1405
0.41	0.708
0.225	0.1385
0.45	0.8615
0.5	1.626
0.355	0.478
0.49	1.1775
0.3	0.286
0.455	1.058
0.545	1.5415
0.425	0.817
0.225	0.152
0.33	0.335
0.375	0.4915
0.44	0.9705
0.45	0.9315
0.5	1.221
0.4	0.7365
0.46	0.97
0.4	0.8085
0.355	0.4075
0.38	0.6295
0.5	1.053
0.575	1.829
0.5	1.1765
0.46	0.8765
0.105	0.0145
0.345	0.476
0.43	0.813
0.12	0.018
0.48	1.064
0.47	0.853
0.27	0.219
0.18	0.0635
0.39	0.6275
0.365	0.441
0.375	0.458
0.355	0.4745
0.27	0.216
0.405	0.6765
0.4	0.757
0.39	0.7325
0.445	1.0285
0.41	0.712
0.46	1.066
0.49	1.3065
0.43	0.8545
0.23	0.125
0.28	0.2225
0.4	0.6955
0.28	0.266
0.4	0.7105
0.35	0.487
0.42	0.728
0.38	0.6675
0.55	2.0495
0.515	1.498
0.535	1.597
0.44	0.8605
0.37	0.541
0.18	0.058
0.175	0.0645
0.41	0.77
0.4	0.541
0.425	0.739
0.275	0.205
0.42	0.8695
0.39	0.6555
0.44	1.0905
0.4	0.6295
0.45	1.0985
0.44	0.991
0.175	0.0615
0.41	0.8005
0.365	0.6175
0.4	0.772
0.415	0.7155
0.425	0.717
0.39	0.6355
0.235	0.18
0.355	0.5805
0.385	0.556
0.385	0.591
0.395	0.686
0.44	1.016
0.5	1.438
0.55	1.807
0.55	1.777
0.55	2.173
0.575	2.1505
0.205	0.118
0.19	0.099
0.22	0.1365
0.22	0.1295
0.23	0.164
0.29	0.2875
0.3	0.277
0.285	0.248
0.295	0.252
0.315	0.4015
0.33	0.3905
0.32	0.409
0.33	0.4095
0.35	0.494
0.35	0.4905
0.39	0.599
0.375	0.6245
0.41	0.7745
0.455	0.9795
0.435	0.8915
0.45	0.874
0.465	1.262
0.48	1.21
0.525	1.37
0.545	1.759
0.515	1.3855
0.52	1.8065
0.51	1.5945
0.51	1.4545
0.6	2.003
0.6	2.2385
0.135	0.032
0.175	0.0785
0.23	0.134
0.27	0.2075
0.28	0.2235
0.31	0.34
0.35	0.5365
0.35	0.635
0.375	0.562
0.39	0.597
0.395	0.5815
0.43	0.7545
0.465	0.98
0.46	1.0035
0.455	1.133
0.49	1.146
0.475	1.142
0.53	1.12
0.465	1.011
0.505	1.131
0.48	1.065
0.48	1.181
0.525	1.382
0.505	1.4385
0.485	1.2275
0.515	1.4415
0.55	1.473
0.58	1.658
0.545	1.7475
0.2	0.096
0.245	0.1445
0.26	0.1965
0.28	0.196
0.27	0.2155
0.31	0.2805
0.335	0.334
0.325	0.366
0.325	0.4965
0.365	0.651
0.385	0.5125
0.405	0.6925
0.41	0.5995
0.42	0.74
0.415	0.702
0.445	0.672
0.44	0.811
0.45	0.9585
0.45	0.858
0.46	0.9575
0.46	0.926
0.425	0.873
0.45	0.998
0.46	0.6655
0.485	1.003
0.495	1.234
0.495	1.025
0.495	1.2935
0.5	1.0565
0.47	1.7855
0.485	1.2255
0.5	1.2565
0.5	1.159
0.51	1.403
0.535	1.826
0.56	1.7715
0.39	0.6125
0.405	0.658
0.465	0.911
0.49	1.1955
0.515	1.336
0.49	1.36
0.275	0.2325
0.31	0.317
0.3	0.318
0.305	0.2645
0.335	0.4055
0.335	0.524
0.375	0.464
0.36	0.439
0.395	0.5805
0.4	0.622
0.45	0.7805
0.43	0.772
0.435	0.741
0.43	0.8265
0.385	0.7275
0.43	0.7005
0.45	0.9355
0.465	1.1815
0.445	1.0145
0.48	1.1
0.51	1.218
0.45	0.874
0.475	0.984
0.47	1.0105
0.365	1.0765
0.475	1.337
0.5	1.3705
0.49	1.7015
0.485	1.2435
0.53	1.4135
0.485	1.073
0.5	1.477
0.5	1.2915
0.495	1.3105
0.525	1.4915
0.52	1.494
0.51	1.1965
0.545	1.672
0.545	1.9125
0.545	1.907
0.565	1.79
0.59	1.7495
0.305	0.3415
0.35	0.519
0.365	0.5305
0.41	1.2825
0.4	0.7165
0.42	1.6645
0.42	0.837
0.45	0.9645
0.465	1.1
0.48	1.2415
0.505	1.3185
0.525	1.3455
0.215	0.1185
0.265	0.197
0.35	0.4725
0.365	0.4495
0.375	0.557
0.385	0.516
0.415	0.709
0.42	0.7385
0.445	0.7935
0.435	0.9205
0.425	0.7655
0.45	0.824
0.425	0.83
0.47	0.985
0.45	0.997
0.455	0.914
0.5	1.13
0.495	1.0805
0.505	1.105
0.49	1.229
0.495	1.2355
0.535	1.2395
0.505	1.357
0.525	1.402
0.5	1.359
0.535	1.669
0.525	1.7405
0.53	1.51
0.55	1.6645
0.605	2.0505
0.215	0.124
0.23	0.14
0.25	0.1695
0.28	0.218
0.315	0.384
0.33	0.393
0.35	0.3805
0.37	0.4895
0.36	0.5135
0.355	0.4495
0.44	0.8025
0.475	1.053
0.455	0.9945
0.255	0.3175
0.31	0.344
0.29	0.2845
0.3	0.3035
0.365	0.499
0.38	0.577
0.4	0.615
0.385	0.791
0.43	0.8395
0.43	0.8675
0.45	0.887
0.44	0.966
0.475	1.176
0.485	1.0945
0.555	1.9485