4.359949021420037596e+00 2.592623182789133285e-01
5.496624778787091437e+00 4.353223926182768544e+00
4.203678020874890287e+00 3.303348210038741239e+00
2.046486340378424806e+00 6.192709663506636986e+00
2.996546736745231421e+00 2.668272751028666345e+00
6.211338327692948802e+00 5.291420942770390212e+00
1.345799453449335603e+00 5.135781212657464678e+00
1.844398656469152797e+00 7.853351478166734623e+00
8.539752926394887922e+00 4.942368373819277849e+00
8.465614853574679799e+00 7.964547700906099426e-01
5.052460901217039613e+00 6.528650438687810809e-01
4.281223275973894182e+00 9.653091566061255957e-01
1.271599717012774633e+00 5.967453089785958120e+00
2.260120006042358742e+00 1.069456843099829690e+00
2.203062070705597009e+00 3.498262850032992866e+00
4.677874845823001948e+00 2.017432262649653474e+00
6.404067252149148182e+00 4.830698355517516696e+00
5.052367200185491569e+00 3.868926511185593053e+00
7.936374544415770949e+00 5.800041788778066199e+00
1.622985985023138733e+00 7.007523466071562623e+00
9.645510800892552083e+00 5.000083611702167197e+00
8.895200639461450010e+00 3.416136526711096799e+00
5.671441276277092491e+00 4.275459632961100098e+00
4.367472630267990041e+00 7.765591849971002603e+00
5.356041734976563440e+00 9.537422269448667222e+00
5.442081601481021380e+00 8.209492227502479533e-01
3.663424016750203904e+00 8.508505040045017509e+00
4.062750430479508346e+00 2.720236589484958944e-01
2.471772389973533102e+00 6.714437073695467273e-01
9.938520114212728629e+00 9.705803133771734537e+00
8.002583511325868315e+00 6.018171214054674145e+00
7.649598604516815392e+00 1.692254465841779298e+00
2.930232318194398111e+00 5.240668753003641989e+00
3.566242811227589016e+00 4.567896524540004943e-01
9.831534453572126964e+00 4.413549193548467642e+00
5.040004393791526205e+00 3.235413175346988357e+00
2.597447527471370421e+00 3.868898853207624278e+00
8.320168996345008949e+00 7.367470562871129225e+00
3.792105669416374614e+00 1.301733669455062969e-01
7.974049390325935960e+00 2.693887975963011883e+00
5.826848885290345947e+00 2.555094184969275428e-01
6.622020192683257811e+00 3.875234258732814574e+00
4.970737987345126285e+00 4.149058373746871808e+00
3.508719013016404986e+00 5.509779053244193037e+00
9.729106898748248966e+00 1.127762152380714644e+00
3.132585284297135786e+00 4.179770981531005791e-01
7.383997586209003927e+00 6.575123876590439842e+00
2.146357463999536641e+00 4.167534401953370882e+00
6.438419341481949942e+00 6.614813267154413978e+00
1.704771334837706931e+00 8.816522357485485628e+00
7.780081598084683137e+00 1.339542081716910138e+00
8.689166264320787647e+00 7.487778782768544694e+00
7.985856540990808661e+00 5.433452305839026941e+00
2.208379150614618869e+00 9.184586465896005691e+00
5.920845776663763438e+00 3.462379094551464309e+00
2.637785292800197467e+00 9.139154771651320175e+00
4.197354613068206675e+00 5.401915156671308615e+00
6.084421578050496215e+00 8.262498284341578625e+00
6.235631845621307789e+00 1.767121615844260418e+00
5.912573526535458868e+00 4.892661669948591197e+00
5.479077800903766615e+00 6.995206197905481815e+00
2.458111639041307139e+00 1.866271455864801920e+00
1.105831477961610743e+00 2.740592525360536769e+00
1.025003939959090449e-01 6.293597228295821466e+00
2.951723052197424479e+00 1.872865447018977614e+00
9.528805226080372393e-01 2.837558074652546392e+00
2.149243841306952341e+00 2.856037339109023243e+00
4.714098574696789612e+00 5.494968210884080051e+00
8.451131155747015455e+00 9.885097007841643801e+00
4.886808622935134849e-01 2.321182514361639360e+00
6.433114272482352014e+00 1.614665628916767126e+00
8.701458933690014774e+00 2.174024263050259087e+00
7.417550388834489361e+00 6.530205132311010630e+00
7.988855115046296085e+00 3.124756226526159697e-01
2.295740287443451599e+00 7.046274991204591664e+00
8.756250900112283464e-01 3.058948319431931129e-01
3.571349336995607082e+00 5.897819914717637779e+00
5.222272738416022797e-01 6.566366620637753559e-01
4.350118605971564634e-01 3.951507584675038043e+00
6.684270460160577798e+00 1.980271118161696098e+00
8.762664517041590884e+00 4.323890954448473600e+00
6.196414637099646683e+00 2.904267429349883578e+00
6.152545734642762554e+00 9.536599623823226679e+00
4.480147165240896179e+00 2.070498382533142667e+00
4.253672919053864909e+00 4.445742647637577427e+00
5.076174866719613377e+00 5.257332498109579255e+00
4.242919188254612450e-01 1.644190861701200213e+00
4.502271796173732632e+00 7.079711706189208087e+00
7.775879083055335705e+00 7.771029994696446508e+00
5.027787525092214160e+00 9.567475933072476124e+00
3.318737125398758536e+00 4.814581623460332693e+00
7.483739993410363667e+00 8.578395184395139594e+00
4.144600551329115312e+00 8.486845142673233866e+00
4.445709417507091921e+00 7.157470842863542515e+00
8.448363578819728659e-02 2.520142367074895695e-01
9.404504935420884948e+00 1.021379482311934872e+00
6.619677904397076595e+00 2.832587438211207953e+00
2.008423437754454088e+00 3.883341821147591411e+00
9.259015965084993027e+00 5.702742097507190522e+00
9.167146119578825747e+00 7.022642408197249608e+00
9.108475307520263797e+00 7.627219598199635797e+00
1.307999536633683668e+01 3.184921068778782782e+00
4.939492104526856053e+00 6.374602515990160256e+00
-8.673816791624666678e-02 4.729968580043985682e+00
1.383222976902093926e+01 4.174417434193056664e+00
1.438609819643296639e+01 4.816784639827972114e+00
9.886700924007712388e+00 5.997976337353692067e+00
9.441113095348033113e+00 2.548692135628900513e+00
9.522974190929863525e+00 6.837172919543270666e+00
1.054480892686145488e+01 2.364729814920965456e+00
3.187912349079526031e+00 9.245755247502305707e+00
6.286621794859922119e+00 3.833038770181673716e+00
1.409002290479527808e+01 4.409404638054224890e+00
1.100787684644265596e+01 2.882748118731251363e+00
8.816450152432642184e-01 8.136466991870916488e+00
9.898053119095708396e+00 6.054344033817147697e+00
7.663887006773895116e+00 9.410698306660698620e+00
6.812067075663862603e+00 3.481370006630738256e+00
6.793605003618670146e+00 9.475464875271724097e+00
1.190179432197843390e+00 9.002849062083679854e+00
1.457748188879215334e+01 5.062369113857772440e+00
9.301554064833936764e+00 2.604049935050221976e+00
5.941942621148751158e+00 9.976715785642040757e+00
1.145504077035930912e+01 3.062254283636466567e+00
3.559026608534851199e+00 1.004653889526933952e+01
6.222252204012758803e+00 4.528118535044158399e+00
1.420482098755052647e+01 4.516145129238509526e+00
1.443920128788844970e+01 5.249965891283054908e+00
5.897243559137694824e+00 4.512687357421770962e+00
5.728102936810373080e+00 9.570369184903718462e+00
9.437330341844193171e+00 7.576832018651036726e+00
3.914088346705576704e+00 9.348483018440283843e+00
9.947034280905816317e+00 2.641815039430918777e+00
5.229817327673386806e+00 5.936295774234352507e+00
8.822948909031152809e+00 8.331720892159168557e+00
1.459442862707403066e+01 6.035100109589488504e+00
7.138727587330064850e+00 3.783949335573606465e+00
9.839432344509162931e+00 5.523529507783584869e+00
7.526832732253723179e-01 7.582770111544723690e+00
4.853172677219028230e+00 6.739623664823255922e+00
7.748035030674502721e+00 2.918814714831845070e+00
2.744685582692194092e+00 9.303640946440689063e+00
8.291567816125835932e+00 8.584006982765281180e+00
5.494884952013308066e+00 5.367926022991583501e+00
1.274864968354481221e+01 3.306942323902184455e+00
3.091850141031202703e+00 9.729888454921560736e+00
1.003622781958181598e+01 6.019549760152124840e+00
1.399318568958078490e+00 8.309146071452701676e+00
5.804177336754177574e+00 4.528480081932265477e+00
9.252555126566177179e+00 2.683370336594570471e+00
1.580746028680326098e+00 8.981495818340670567e+00
6.587912945263653341e+00 4.025160217352087955e+00
1.481070481474801781e+01 5.195720761897146822e+00
3.828219643664629857e-01 5.292381436402491701e+00
1.016474991678368589e+01 2.499311894899015840e+00
8.737419218902175544e+00 8.317599191795519431e+00
7.778799997401567801e+00 8.760005709415224828e+00
1.128859142283834593e+01 2.651883051210085274e+00
6.293675101389362148e+00 9.724750218446775563e+00
3.964949143582929825e+00 9.950426208540772421e+00
6.851536067456860835e+00 3.504812883552098857e+00
-6.062204243842650442e-02 5.746665802050912930e+00
1.396673577662544474e+01 4.461386782262785289e+00
9.320629572500653381e+00 7.689673721879644930e+00
1.051074395277882267e+01 2.636811029005029283e+00
-2.563395593126305272e-01 6.166489746327166621e+00
4.222890828271075314e+00 1.004972071546621670e+01
1.227818490681037922e+01 3.066777188103726459e+00
5.073426429141933980e+00 9.910553026759640005e+00
3.375143293705598069e-01 7.227927584947002160e+00
8.314464323615204933e+00 2.691950289570397725e+00
7.471790214508811090e-02 6.908216303087831633e+00
7.467248739171204797e+00 2.713429083040299172e+00
4.472479439382833988e+00 7.566161423127208963e+00
9.089031710220403681e+00 2.802327548135546742e+00
2.570910200724538797e-01 6.820717295047105111e+00
5.252515221986224780e+00 5.962163674374574285e+00
9.608871892884097932e+00 7.069353901739095392e+00
8.082460631376592985e+00 8.886922481170525856e+00
8.651981838670137037e+00 3.047547756162107380e+00
1.484677832465512815e+01 5.625354235457061591e+00
5.028682122182909886e+00 9.897900772483449572e+00
8.195848318444944880e+00 2.569181618052505112e+00
1.501752198693847795e+01 7.157313242675557241e+00
5.124672856938452981e+00 6.210278694479885786e+00
3.178299804122734606e+00 1.003102762223379507e+01
9.814572800702721977e+00 5.230521229933050797e+00
3.346218347413001393e+00 9.807257755072340544e+00
7.982604684697138353e+00 2.999373938650969684e+00
1.495877241999588847e+01 7.010978021546812045e+00
6.529835820580522920e+00 9.725115243970765988e+00
9.928487999231993655e+00 6.714567980363531419e+00
1.494125717221161764e+01 6.393342992460262053e+00
1.622541872739746260e+00 8.791381244146771579e+00
1.502551619210510658e+01 6.865410353625114759e+00
1.391798635068708556e+01 4.422224985949885223e+00
1.366840015081614901e+01 3.898658828023910949e+00
6.947339211587264529e+00 3.748492126986463724e+00
-8.214252499588781120e-02 6.162747411254552610e+00
5.328203891497323319e+00 5.438729252609515008e+00
1.147015960576960225e+01 2.212567542604513715e+00
1.486497156516323415e+01 6.484447882913589645e+00
5.113269563098039150e+00 1.031738390847457154e+01
1.012344624600849485e+01 4.904436727247853511e+00
4.100614352140850016e-01 6.384146951858315155e+00
5.372671322292705831e+00 6.353221472355540911e+00
5.573458160464639377e-02 5.542498451908854484e+00
2.660155967529597820e+00 9.741722270954731755e+00
1.271330276472602350e+01 3.249934701614196619e+00
6.199771920151063043e+00 9.549801535203378933e+00
2.080675595478000961e+00 9.027334202387296003e+00
5.165817154394317434e+00 1.009275857603395821e+01
4.969853298966206090e+00 1.027890862720835408e+01
6.841267630793721466e-01 7.025672388771713628e+00
9.621529839220436031e+00 6.908743572045021430e+00
1.208690834907567435e+01 2.559892884747585917e+00
8.170174707118810886e+00 8.315950241790375230e+00
1.469217059926884872e+01 5.646492367317732075e+00
7.875309951517932561e+00 3.009249960606146246e+00
8.777971010494338699e+00 7.632840583467072726e+00
9.373502905729710122e+00 7.622434148819372091e+00
1.372117092255340065e+00 7.909434072529339055e+00
4.884782469045557463e+00 6.719192114228612844e+00
4.801348035097576350e+00 9.978979336517774357e+00
4.747466130090730374e+00 7.187766971014289297e+00
1.085806981099222579e+00 8.400935587565760088e+00
9.679409290306200120e+00 5.261898066889311387e+00
5.837925698074387881e+00 5.195278972983805588e+00
1.184145972086984955e+01 3.027345410780947432e+00
1.493498227305506987e+01 7.504209873744456694e+00
9.986124358201884377e+00 6.275589403162920021e+00
2.275910354707430638e+00 8.882874354088006186e+00
1.235601595595383628e-01 7.347282655369300919e+00
6.150287327505223445e+00 4.266574675049815468e+00
1.103112892063301231e+01 2.880711377121199845e+00
1.303462245194390157e+01 4.006227452362161934e+00
1.083857473919055892e+01 2.904853925708520634e+00
-4.849635989660150415e-03 6.115691568404715284e+00
1.507463826056220491e+01 7.512537049473747786e+00
9.493287271894576662e+00 6.902703873314790961e+00
5.583159251138122059e+00 4.884680910520827979e+00
4.952334689958318492e+00 7.319172263299240200e+00
7.226726782782293412e+00 9.679833710832047799e+00
3.336503457149162521e+00 9.904579812483493839e+00
2.773927454727319830e+00 9.416420061877833092e+00
1.006086367260479264e+01 5.299226692907925695e+00
6.118972522622774690e+00 4.953231867607692074e+00
1.179029602333283222e+01 2.796825428323986173e+00
6.252695767620261691e+00 1.005402157970969945e+01
4.989102854404394272e+00 6.338783696609261220e+00
7.373915335916414016e+00 3.169137286122748698e+00
1.340138013993299637e+01 3.374396466288125840e+00
9.240554711776894692e+00 7.338863290416372642e+00
6.725636509991832490e+00 9.558705764979315234e+00
7.849654703298195813e+00 3.230824935329783099e+00
4.176430104875981542e+00 9.859500088512657356e+00
1.127038006569370943e+01 2.632184842912104639e+00
6.711159898295581350e+00 4.002919822645331749e+00
7.577502029238008419e+00 9.676496092061121601e+00
8.200173064933229838e+00 8.884830680884286735e+00
5.727885143009514124e+00 5.258581783622416239e+00
1.049473643383895904e+01 2.475021469864069790e+00
7.968756191086248108e+00 9.182966323307157452e+00
1.242988470053030881e+01 3.325096161563219521e+00
6.936876097483375858e+00 3.269186888833883309e+00
1.343490180780913512e+01 4.460109287895923202e+00
7.429277265978021738e+00 9.271615610819221587e+00
8.588445724364799361e+00 2.838512953094566527e+00
1.283681463183485683e+01 3.290998997360174982e+00
9.681264201396190927e+00 2.202790143391628153e+00
8.061621734675268769e+00 9.149114753394574251e+00
-2.855902951426934067e-01 5.106772621688965508e+00
4.896567563570854986e-01 7.618734797369081768e+00
1.201750993354990360e+00 7.665857619961112590e+00
5.698694193720993617e+00 5.160653896351742986e+00
9.726898657565143935e+00 2.707955648722806696e+00
1.436152187573658345e+01 6.934825734315408496e+00
1.672045380942593251e+00 8.519176847663640473e+00
1.288988362724098558e+00 8.040862962073836329e+00
8.107334156295628702e+00 8.614762407043636827e+00
1.236977919334788112e+01 3.116905750303103684e+00
6.083462577112790370e-01 7.575221504537617001e+00
1.465537919294821201e+01 5.886051512002776320e+00
1.384841178246441018e+01 3.688477383330592385e+00
1.476470208304944620e+01 6.281249401300676993e+00
6.665934609993533044e+00 9.867284379247792003e+00
4.058136244155678085e+00 9.532098587069931739e+00
8.785639364687618524e+00 2.475084250792415119e+00
5.122872407072698309e-01 6.809874767352441793e+00
1.878930641343653285e+00 8.959250287811444835e+00
3.513607510316090199e-01 6.921857849684434072e+00
7.113329317224280857e+00 9.640382950175331089e+00
9.020508788301670577e+00 7.762155934955082159e+00
9.719530078214948077e+00 6.366189794972044957e+00
4.940160838918405517e+00 6.899728439125526691e+00
2.327439139568878268e+00 9.290798921025331225e+00
1.450669974568070408e+01 6.257113028092322615e+00
5.845023026509085007e+00 4.957398589406201594e+00
5.576194121406439663e+00 1.002846122948015939e+01
1.314096343558365731e+01 3.851109406923386214e+00
