55.90883386	57.75576353
52.75966232	45.03649313
46.9991206	45.55896538
47.43269249	54.0458093
57.80764956	43.0765959
50.37823838	44.98449185
44.76645496	49.53322846
45.85588471	45.87770927
44.67294229	58.72956183
45.77472636	48.25873702
60.29482041	50.13954244
51.9861819	60.1129305
48.94497071	45.72851803
48.29905292	55.27386464
46.87852064	45.60169974
45.58044585	50.01339827
42.71475761	44.21398508
59.93990442	49.78457265
51.5620334	44.94097266
43.94417811	57.36005193
45.13135825	49.54357649
52.35926548	54.11695926
52.70893573	45.92717476
57.13141403	56.76299715
44.14568953	40.99929619
59.66265621	47.9621359
57.95997183	43.95215649
60.09012835	49.75048949
45.3504724	52.3151617
54.53137414	51.19594707
50.84424894	44.8427127
55.46326576	50.82631679
48.5209023	54.56653678
54.41335254	50.53574256
54.23689762	48.68004572
40.31394086	54.27221192
58.66398891	55.43926522
49.41410856	54.29710274
58.80533718	54.66052758
45.59457765	41.6852021
48.48945126	39.36461901
47.69680403	46.35535262
48.66069075	39.67554144
58.96266587	44.90118153
51.21280772	58.50885605
48.48014373	60.0879853
49.67292588	60.44732507
51.26458017	54.00692932
47.03630056	59.20485481
56.68919851	56.90804586
48.66778449	55.03661815
48.85894659	45.26123978
57.14785104	56.24737814
42.92704805	42.52960554
51.25957792	39.1093077
44.61536687	57.96905279
59.76557686	46.01831817
41.00502883	54.47052498
47.91138986	54.17105822
50.53610957	45.24733335
40.49029276	48.59639936
54.60003995	41.05222615
52.68666316	46.43201488
43.83049327	50.88934687
44.88623807	52.13355368
45.2643153	47.78393491
57.48969619	43.43774195
45.28240665	52.75036794
47.36452259	39.88978796
45.76355239	46.98473597
41.56074184	54.87851156
40.38335703	46.29722259
50.96201808	45.43785578
45.97952974	52.16191338
59.74000276	49.56429078
49.97462749	54.39307321
39.61760716	50.12040161
46.78023457	59.95491796
54.05962595	51.70589587
58.01726977	57.09122898
47.18773558	54.81431086
39.37555521	51.01052328
50.63179251	54.93973166
54.67046382	53.15864442
57.63205651	57.55060529
40.10907353	48.40833298
54.75572726	49.7273321
58.91557695	53.91385994
50.84636324	39.44618901
45.78207658	52.98311134
48.02752886	46.28804287
60.25048408	51.25511103
52.63003075	41.41020998
53.6699856	46.60936849
50.00845836	59.81621976
53.30999652	53.22476895
53.83023857	59.17868125
59.1562884	53.24593137
52.79708629	46.49420987
52.78669981	54.4594734
51.33344071	59.14820572
48.597891	54.84585461
54.84666272	58.78011718
54.5809924	47.90394532
50.07836708	60.39382069
46.75419915	53.12853034
48.09987233	59.37910444
59.4019379	48.8404079
45.90594668	40.23446003
54.03267838	54.16755485
45.00535468	47.84600879
46.9248382	53.03612356
45.96060109	46.11689885
45.89788639	59.16505941
51.56180018	54.41063735
45.22995557	48.60674356
53.58536662	52.35184143
40.63045259	45.17915159
43.53029514	42.59939447
54.93943193	47.26795856
52.36584169	54.34986382
60.19506023	51.23254753
50.37971693	44.37620388
49.06228703	45.42410031
41.05727032	52.66937294
52.2479638	45.28009998
51.45976476	40.75616754
51.90279926	54.76274055
43.63672387	42.94747634
44.66099083	50.1641729
51.1276768	45.29458045
51.09771903	45.29384107
38.8082044	49.78141433
54.52568287	46.64507213
47.73073706	40.26593647
55.45833278	42.01067299
50.05908098	44.54937584
47.67378125	39.67139346
48.24117613	54.62856299
50.03259022	45.69313781
39.47289633	47.35122107
58.90223651	46.97030893
44.7434649	52.28553619
58.24046927	46.13824954
50.86045331	60.77938366
47.11132404	53.11831132
44.91127163	51.22959917
48.12971427	55.12966285
52.10925156	46.44401723
54.90273359	46.57938793
48.46166685	54.53482589
53.95992053	40.33732875
39.5745448	47.7718365
50.95502664	59.92589737
47.81259566	54.3745072
49.23574095	55.00663402
49.29712448	44.85377811
54.63198611	49.83269261
54.12666936	47.79875612
50.90328642	45.42369851
41.92127041	44.44618898
51.33424118	60.14190659
40.72447595	47.12030407
55.31806473	49.76003735
54.31492574	52.68048927
55.47501129	48.79010197
54.7056853	49.81403221
50.47161559	54.9362949
41.91705229	55.23254615
48.03609151	45.8594278
48.49851086	59.6754363
48.47112649	54.52285934
53.03669156	60.28357357
39.44515628	51.32197452
54.28512266	58.81563047
54.40753907	49.04975719
40.42028355	52.29392375
58.27114135	55.59837025
51.25721478	54.78189549
45.32682533	47.2892754
49.81173855	55.40056917
55.42059464	40.76752366
40.9358816	56.53443464
58.02508955	55.30213038
41.080868	46.75142505
40.6350129	54.22024158
45.50386818	48.28753695
60.71048669	50.42779089
41.91986444	43.56493207
40.41421367	53.60246695
41.68683001	45.13231778
49.35188471	45.29438726
58.46226102	44.77258067
59.60613319	47.11345956
44.41604944	50.97815189
59.78346898	51.3519466
50.75189187	45.64710231
58.52919332	45.11595743
52.72529825	45.08664131
55.21031554	57.98992617
45.25029792	40.75960873
43.33771813	42.13749361
52.52584361	45.82014584
47.46577547	53.91724233
52.03998853	59.61192759
57.2444884	55.95542114
56.0950295	58.52310205
48.59708615	54.87665383
46.45033193	53.0547687
41.74955812	43.79898125
54.86066401	58.82003525
47.84587296	54.51386221
42.95654435	57.85189598
53.56137209	46.53451737
50.79054257	44.7930481
58.81363415	55.7205904
59.51061482	52.60722341
40.42702091	48.34921042
50.35767955	45.13996496
43.47982592	42.95944565
50.82375079	45.4155961
53.67132184	41.02472321
46.61458934	40.59084277
42.33634756	54.93897609
54.17661124	51.16982524
45.87849706	47.24970164
45.17950245	58.71859009
58.20584155	53.08899475
50.6148774	54.62173827
40.9084445	46.64895054
58.19827499	43.4777191
49.11178067	54.38641246
50.45658683	39.79192197
46.10800579	53.97631239
51.92395017	40.97316368
45.03787284	51.98789826
42.12578676	56.63349698
46.63576082	59.20326224
45.49327568	41.08997422
47.39049087	58.73547107
53.68985698	58.56924475
47.24443128	55.17512588
48.6686843	55.30521929
45.35871242	47.10121476
53.58570557	40.99054429
46.373757	52.96116771
55.34590746	50.68053912
46.75371119	53.58671213
45.79984945	50.65169352
49.92583385	55.57772653
49.55355046	45.02214966
53.6568774	46.19750129
46.69132082	46.6132822
53.75450685	51.66778753
52.86097402	45.97037476
48.44579675	59.88422314
58.7541505	52.50344241
46.25344806	59.35769387
53.58854144	41.2817634
53.24376875	55.35979958
47.63258398	45.86965707
46.84574693	52.08888902
52.05294063	45.61424384
54.07731811	53.43876281
54.4881695	49.91514522
50.09564187	45.61301452
47.29396048	54.01501504
60.30007115	50.89538857
57.27186679	56.19118364
57.01442727	42.41048896
51.24799797	59.85089204
45.53681645	41.99105883
45.07862447	49.88031612
47.92498217	40.10299428
60.29972645	49.68118282
52.64581088	54.61189345
39.90985578	50.76659834
47.30108707	46.21108992
54.43880848	48.06787141
40.58235015	47.64358402
53.3493644	59.60481227
45.32759858	49.39263615
49.85389851	45.7007563
52.20074186	59.88303458
44.59503948	48.8753718
59.35373007	46.71109302
40.91222144	52.6056029
46.02526102	46.17789922
51.45167549	39.15041473
52.3255659	54.88999227
42.62751094	43.30721945
47.08007943	39.65313786
42.34834212	42.7841854
55.23028073	50.90341176
51.23681268	44.85210272
53.74382881	46.84998592
54.6963568	47.94747326
47.34615359	40.18564141
57.0807902	57.03681127
39.64268401	50.33838152
46.30769508	48.48225965
48.19237756	59.93686866
41.14783701	45.46097407
57.31577464	42.78092811
58.95814903	55.41752951
55.48436217	42.91099297
53.23996069	54.50568491
49.71690803	44.86908415
58.59554027	44.90210183
51.29654251	40.3841147
54.01966011	51.7645036
50.26948107	45.0995841
59.33318278	53.28069413
45.51386141	50.9233963
57.10007106	56.74903907
45.27215437	48.3901764
53.67663705	52.36453407
40.08247468	51.32502868
57.79556459	45.63580255
45.89776256	41.11502051
41.40718779	44.88241377
52.86960509	54.60200203
56.4500636	42.60990907
54.59698403	46.93163288
59.93364	46.84549302
44.54904632	58.88289794
46.21903361	47.61735451
41.0189801	54.48311096
44.55350705	48.70076168
40.21919594	46.03978391
51.52725349	45.91866448
54.47857356	51.20469533
54.01766501	58.70184869
44.33185373	42.23190359
51.76748161	55.90710618
45.59873958	40.56699508
55.31675762	50.72944149
56.91327609	43.48261436
43.9767473	57.62029876
47.03460168	53.56974116
50.40150647	54.23255461
55.76401372	57.96459644
46.63165546	45.50492874
54.88149596	47.378699
50.9098014	45.64127234
44.4625338	50.03700234
54.47962656	51.24053649
45.35576496	50.16341073
40.93521898	50.95819327
44.11674395	43.10327504
54.89042555	47.86676233
41.8743255	56.47398978
44.48936344	51.16052083
60.15024138	51.25461453
50.3287224	55.11638536
47.02118636	45.99884746
54.1376048	40.66378489
52.88933097	54.88439576
46.75224184	41.06566495
59.96622572	48.44677072
42.18439433	56.35212774
58.12553258	44.4529741
54.45949036	52.10251215
45.1534282	48.30541127
50.04113962	39.7718894
52.9409277	41.50455291
58.06540376	42.53238256
46.08843138	59.32702827
51.90414742	53.97984555
46.02471941	53.02796522
49.42972581	45.48039415
49.41447584	44.61077346
40.7680297	56.16044199
50.98553522	40.02202397
47.36289319	54.87840488
49.81302096	55.81295217
54.91629777	51.08498622
41.2685491	45.26927436
49.50306654	55.11863792
54.18559919	47.28569456
49.61588908	39.69016118
53.60772332	53.48561036
59.94318419	54.0250977
59.64372897	52.21212963
44.70767778	49.68628174
50.4762298	45.27382929
48.10620332	39.97800088
54.28237006	48.20250846
45.66432375	49.71065215
40.31586015	49.70964904
56.95462354	43.43839494
51.23207648	60.31335077
54.31892288	46.05859684
56.58425539	57.54730843
59.56283961	45.51881926
53.45093789	53.68408492
47.93226295	59.74396829
45.75166402	53.24877713
59.53898306	48.33951022
44.13068407	57.96149018
43.65452705	58.35368761
54.13434446	46.56767068
46.77812005	53.10041343
47.55435779	45.33768366
53.75165755	52.62067319
43.15096788	42.82410145
51.76087269	54.39886353
55.24014561	51.44153249
45.27451872	58.41139142
50.32889606	40.40931202
56.19013475	58.39939505
40.4035515	52.8977674
55.23242888	50.23202608
39.74606588	50.07487338
54.66893131	50.54059199
50.31966602	55.11701864
58.9949646	51.39512249
55.10391	42.02825242
41.51416392	54.85208218
50.285798	59.40655162
59.09777707	45.59561893
44.06604849	41.28130177
41.93233642	55.34761419
45.95222722	53.3081287
59.24811307	47.2988319
46.98919651	47.35440549
50.18977332	40.64290709
53.11208667	46.62888911
54.99117351	50.00805424
46.36009565	45.82543607
47.81325468	44.27939961
54.63497727	52.27556213
54.20406133	41.11670389
55.47550625	49.80441075
47.81255612	46.19240091
47.76308446	46.60833944
54.60690664	47.2409704
45.78674838	59.50732759
42.83416232	57.22035313
49.16324599	60.53542622
54.67279756	49.45840602
52.91147982	53.92693474
44.45299815	58.26431414
49.09548065	60.25621481
54.49000594	52.24982626
43.25199044	57.54605865
54.13966185	46.98666935
53.93866998	52.98886557
56.78850835	41.99511276
40.1601326	45.69154798
54.08902711	49.13721352
40.15265867	50.46896376
41.96221719	43.4323
40.97743377	55.73394006
44.58827581	52.02803613
54.02995481	48.11450602
46.99483361	45.86392104
49.05478442	54.58878845
44.58969931	49.25282583
49.77654045	55.96030827
52.42321248	40.64400483
45.37649866	46.9091847
60.76822278	51.28654934
54.00306669	57.83955104
41.130185	53.24807419
44.49017754	47.55837256
56.69507279	42.26570342
40.17716854	45.98293431
45.63979113	53.26015399
46.31523585	52.54808416
55.10290302	41.29328335
39.83172856	47.74071471
55.71540673	51.39166741
54.65180054	53.1863573
44.68804777	48.50528339
46.9933533	58.8749907
51.86632514	39.89162246
46.7636419	45.99652702
40.6480886	52.32927044
51.90971245	60.28938226
54.03357252	59.2810376
45.60952369	49.62017135
54.74435638	40.71523407
44.58915482	49.3859766
45.54250858	48.79642734
48.62193249	39.20266371
59.30225859	54.6699156
45.87571704	52.46904744
52.16478915	55.71616417
56.54231568	58.36782756
45.63506088	53.65549386
46.09949962	54.1671658
54.51934226	47.49320741
54.4818533	48.04863864
48.95630214	45.28228746
60.01750739	47.53792504
47.1655145	45.94447686
43.50596655	44.91160053
60.07856376	52.09173567
51.87794308	54.38811826