52.680897817566645 57.708113789605655
53.49625008106189 53.4709324269441
53.31725099001979 52.89919753415525
59.0864747202382 59.72068944822071
56.88654610770642 55.3664251267585
50.8416383203578 59.719968758808555
53.36531661973471 56.37154830609131
50.8767788567133 51.62937655819573
57.0662164027189 57.27087859319574
51.61569464280997 52.04587055016788
51.08136785701794 55.46829813633533
50.67264085474299 59.56638922670444
53.76999630889856 54.74956759817565
53.339562928904996 57.51340717142757
51.831766505804296 57.57258268924576
52.781649789461575 55.810777460908255
53.353238748989995 57.413879233278365
51.24532495406136 51.97149227875925
56.97054116495485 51.955101811998915
58.34338172325137 54.513921365011015
51.14182241307543 50.48637371024128
52.7845864599105 54.7098779978606
50.932502794855566 55.80410629228233
57.42759094896962 58.866206540754064
50.42013100169438 55.18912786066386
56.35108427753912 56.36637366937185
54.30416255686829 53.736647574394055
52.853751583761635 53.85629431528572
53.09013600372407 50.628235170748326
54.27032144922123 58.99395708868299
59.79902993737099 54.08219937434698
58.63911238328063 58.31172712082423
59.6245598917664 57.56813420362267
59.94862015976679 58.283061890804014
56.58219496883081 56.1943436134428
55.77803357703403 50.76730331870404
51.08056352945215 57.52988755486261
58.78963079963307 50.77629430115114
51.432758308579295 50.596022559331445
51.49382668422008 53.791925388987266
51.14270701592627 51.74885530956083
54.776626223667925 55.70190233101983
50.97054848374684 50.57120765933811
55.378198512003735 54.63424127207011
52.63946926063352 52.005606679057465
53.844778554129114 59.663107425018104
51.645495616657286 58.9200011609005
51.446094303519054 56.05366299100125
50.2493388036335 50.71695255634659
50.20771067646645 54.089449056538356
53.29232288702631 52.68835574433963
51.848277635871476 52.5765045815221
58.253542052716945 52.09141654340287
55.273556386630474 57.58832952985689
53.59979519478013 55.81031345294964
56.72004037567408 55.51034884473221
56.224690248563505 54.18626620020274
55.99877740148956 54.088906458252794
50.70703360789494 57.539923329504816
54.56370009379712 59.90748264730545
59.90025322672342 52.34061165736179
58.93453707193383 57.57496249784037
52.19046010406639 53.30471559309042
59.44052295479847 58.75011432848078
53.10518472525129 59.94062574130624
50.459341965898616 54.27665353538872
51.13949528485847 53.685415201166194
50.14570994854097 59.16548829742901
54.19175500846123 50.76175327981972
58.37234419060954 56.12618710766356
51.2643959932629 50.26355394912719
52.630010072447305 57.69132646553052
52.4550273982247 57.76913785958348
50.9861952499158 54.06145849151269
50.0123963484715 53.92937573290919
53.88863834723969 56.66747313410302
55.11301850258238 58.77575519840111
59.12708632813608 57.546678497107166
55.87275452671719 50.758499082464354
59.60097612306846 51.42913668895807
50.96414991601188 50.80634661344389
53.09625775457036 58.89036761969871
51.4720503633219 50.92244333263328
52.80785671559207 51.948537858832026
50.048466951398524 57.79355806921808
54.916063273064694 56.18532329940702
53.736943560955346 53.197531007214565
51.15172213496284 57.893102373728695
50.96760227670465 50.3431771186314
50.288526752860925 52.29403485760713
50.35345142702481 51.783049232353164
55.41951370920928 52.55735121984926
53.03820839386322 56.81969015949655
50.818413769542914 50.62175517818919
55.66304485243316 59.68971696256589
50.753735367136045 59.98658514963351
56.24595568554919 59.39281439721193
51.22944661464166 57.990193773840026
50.0848151975149 54.77757338414537
56.32804807764174 50.89462641771782
57.53731206381346 57.25336106704703
55.742272911855636 51.81910149667808
59.7562883944518 59.37366800766927
51.357863959736434 50.72660872022625
58.33818270606608 57.558093433204505
59.8833552875869 53.661899025476444
54.07517965527642 54.70544755433121
54.72003365229996 50.974827084801795
58.47845207904654 50.881090034116696
55.754073640320925 50.06158890629895
52.088769410344156 54.22112036875532
50.682477836205 53.59828533057274
52.37774683796807 53.837721166584835
54.63868987694221 54.19851880276085
55.321255310569 53.10991576535912
59.98321603530968 59.34963963972948
58.38610569913878 55.19487547740415
53.733770209125105 53.63656220115162
55.763973141888634 56.26362175084023
59.95593975828177 57.080144604736205
50.46695706475749 54.154001530917924
50.270808338745084 58.3136328727055
55.169271237196185 51.2693817509082
54.955543358663945 55.02188685354028
52.37644585188261 56.26480163988432
53.30538942011712 54.636007148344575
54.02549621831005 57.55792813717616
57.385915091334354 54.2292333290292
58.055968349114906 51.75868822233652
56.83549805886134 58.51566709004311
57.863702598705764 57.91085057053918
51.45062707707068 51.01839808022596
57.40829381352492 57.223727339511555
57.12458337584845 59.333936920654324
55.91209310218297 50.364618768520224
50.301613730094346 50.28738632931322
55.56960402853399 59.39574662781922
52.279444231164035 58.68463671301697
54.70084294599141 57.36345689475914
56.24565757413151 53.5621612859725
50.68652422251289 54.171370154123615
53.4149088212278 55.78835118230948
53.05507463288653 52.00629558275005
53.55931420699597 56.11594845332695
57.48152868694673 56.999300590181775
51.73479214651813 57.13284983156597
51.18470918847422 54.26010126468124
51.88709687959209 50.247005365829914
59.820292686682244 59.849856327432
55.33753875234555 57.921068253423684
59.35773109605684 52.49004953013493
52.85142022906914 55.57520997999945
59.39974335315482 58.08003503292567
56.713718651130314 52.20501849888416
50.47224794437709 56.77095487995111
58.82228516136806 55.78743442160178
59.721241499259975 56.980396633571324
54.85574069980427 56.42977508858998
55.019930813785706 56.721432309687295
57.52764596387871 53.200933693545316
57.54099933122806 53.949058449256185
50.2370695396808 58.73752478779725
50.663623016206415 57.99234204827863
58.194889207353846 52.46087774096908
54.077814148715234 58.189343281768814
59.93283351587303 52.42827328426365
55.70672269770333 50.04456948334769
56.45053030759122 54.07190184159531
58.94518932188119 53.28359570165904
59.67051249143947 51.21051635131365
58.27871645738697 54.98959192849682
52.10550342494947 51.42896819016204
56.86361040310331 50.005531530479
50.13518246564178 59.32891982274334
53.55969508374302 58.69887375388242
58.47884002641311 58.59819243847376
54.05213338658981 56.95062112915934
57.75633975004571 58.89571750213699
50.62874280505011 55.85072208400653
58.09613848891878 52.86729509343437
56.725486488227176 57.262844985655235
51.461988527492515 56.92263997670182
58.19750258272708 57.69286585590936
58.930205018447225 55.35309721642263
53.55795287510261 53.109268690770826
52.34281221667223 57.40164710059006
52.79309170860767 51.22762948145927
57.358967705518 58.462739329646155
55.770920755205026 51.069311496238626
58.419458630137 52.4371054186761
53.0200901228202 58.06149994578308
51.08468882328059 53.62071169184986
59.47798742343285 54.551529541340315
51.53623616099893 58.63502297915556
56.29775684738839 57.506219050641825
51.3450685734709 55.76042000378298
51.24069341272589 58.779508727792624
52.328148802156974 57.990937825157125
50.14455158746859 58.848510715889184
55.969569425552365 54.07641093838073
56.449299257744876 57.61837392996375
59.549355200062806 55.81428447565987
50.37476967387831 56.33864068135102
53.59611934902788 57.928221824482264
55.67217680176502 50.89917326511081
52.47861659637231 50.54662786131917
56.65329850615653 51.83275871500123
53.67572785857654 53.61980315349718
59.29875578732573 50.75430942835815
50.05697462313621 58.948503536221764
56.08550530323865 56.71618225342554
52.396978464506205 55.707985112169645
56.34949057226582 54.185704012909504
57.854128038961925 54.77969463441671
59.03595363967939 54.35121787911804
55.54964499235507 58.79808809918073
50.14051601567211 59.6976645869254
59.85767914074151 53.04492974488972
57.99093556288612 51.86362347404134
50.024822876974575 50.28519649044039
58.31655832980873 58.60825609089589
58.4201612859255 53.57201814188109
52.03317853917143 51.089218762101325
53.806880971553674 58.39076276112313
55.287838470738805 52.84688584031086
56.35229115617708 57.70218312085347
50.11957037323198 55.52406576194308
53.42768751675479 50.87789908596886
55.32389758588426 51.45866796320259
59.05317129372442 50.14474452836819
53.86941240499789 59.038312555675745
58.17694960300691 55.5781582625287
55.183658428792846 57.67213376363447
51.71990446636427 52.281661290005474
53.61425874398687 52.32537527459633
56.36601914265229 58.97201805723941
54.42482885961659 50.69760303804372
57.67066395006686 50.464485826616354
59.220265582276184 55.52544266737761
53.27494754656405 55.79247240904899
50.75528544538254 58.81903037842023
51.85282662900406 56.99897543895362
50.03548981714956 55.34314193262414
51.80349861391104 59.56205072434871
54.92442170096929 51.330692475208004
52.04764832845705 52.17877785496562
51.789894502646874 50.16773010595159
50.60371054571925 58.23902108068616
50.68492566356283 58.17931115785694
52.753840356526624 50.231755484205
57.573447341185684 58.40618158271464
55.31855216160234 58.65864765155466
58.603242259586864 57.247591431966626
50.205871889139985 53.998757454247524
53.96220644036303 52.53123933337764
59.60508602010506 55.79091848349301
51.72017614622614 57.21927716754631
54.509088626190575 57.78227666141392
51.64757179244479 52.258783377124885
51.25930460042416 59.587359361237205
58.28984054948606 59.887362410429134
59.297041952926755 54.0460811908014
56.42636740538886 51.97941774719162
56.789527929039025 56.33631885605675
59.079126843694695 56.22210575668734
59.482078548574876 57.846598678171205
52.1408156361869 58.74756125790215
57.568648583651516 57.37268526931224
53.27485152699077 54.88317947684702
56.379756517161105 57.99185219947469
57.43418435081378 53.91945695181537
57.3576986676283 58.70353913162474
57.260263323607674 50.03608826336468
50.87643514584521 55.97406360846098
52.45928042463941 52.57999499911291
56.51143406967125 51.57554600303104
50.05725091206359 59.569191094983026
59.7652278230717 54.671065341660345
59.79233492319011 54.920272426364136
57.85523358323874 51.86506941482491
55.25071321236916 57.7613980775226
51.46277045255169 52.91898446479297
59.77744833993527 52.26597383509248
55.99938556346102 54.209389783341095
55.40476702040159 52.129211918766856
58.61312965608549 50.3654354719485
54.53244969956131 57.68159249796036
50.51057798826225 57.986326709170314
50.51433986087454 57.7064779634592
52.180998471998734 56.47579115374053
53.81608001817171 54.40716520570068
53.82159359560278 53.98144188374051
58.69355699645148 59.0905063575496
53.92630107942225 58.504108471915444
58.18731124675531 51.555817830263436
51.40719452990888 51.56168101049161
53.75059593510429 57.737431842810736
52.30125023213529 50.14458502767641
57.89742221371398 50.65826849360148
58.815773273144146 58.40805904296942
57.791168203822366 53.02043502049776
58.85444297733518 55.38306023166663
51.46564277197026 50.41420637293365
52.82479945130396 52.128065415732
51.00042863393047 50.30938193922402
50.154502237963584 56.77893477487963
54.952569581309305 52.29534680760313
51.869610856349986 52.04991007374866
55.30418538805621 55.03360277721944
56.013159380560126 50.327826502916515
55.04170137333033 58.52102085750347
57.660793209251146 51.39133047455563
55.50685235144351 52.4641832541967
53.72843501084506 54.54401639860927
53.80034720714853 54.44866899157523
59.28158640439019 54.08240110412413
54.90593904473777 52.572427650460284
51.556620863482586 55.31906739839614
57.66995108184415 58.8098406579423
55.57310018919166 57.9692100340924
59.1284991422782 55.8680486314143
56.824177296695865 54.98597528045697
52.73185373342254 50.251874602776795
55.48236313127595 54.47403605539457
58.040632845071435 53.96188354992047
50.2047137205557 59.0422737236252
56.60657887553636 59.42908829010698
56.82883437042216 56.53117065483552
55.728399549189554 59.77390039576796
52.72214301459798 51.54485971453586
57.55401131606466 50.754082420858204
57.21426182544849 55.08323366838401
55.812123285653605 54.62404634221738
53.803049222178096 57.150027798149246
56.887167913667305 53.64908720449087
56.23605494202912 58.13205780555571
56.74468382860322 52.36161322951187
54.19936331115651 59.391033460572665
56.61658260459042 55.24371570101952
59.284000611064904 52.37238073704596
55.33914539696547 55.57917035192827
54.95919150408068 59.55230935301303
50.419668871192286 55.62344489466682
57.91176379348637 53.54094334350869
56.67317720006308 50.66914425831574
51.14769908379035 59.468544253678715
50.904117238555 56.94740680133669
58.63022978932334 59.820891179337465
54.40222892562644 53.54962364373304
56.25495611343595 55.8293534266771
56.29202895832734 50.525808172314996
59.53771486363855 51.37088028680077
55.691806525367895 59.99466765590064
54.63605546995622 57.71889426536016
54.054039746796406 50.621009626233906
50.06254524648771 59.906842414516525
53.17941075217624 59.24646060175438
57.20215587345933 53.00320253129499
50.51617722904549 51.92668140208295
59.61597389702436 59.24769164905279
53.57800428825562 55.15184296878738
53.968083954120644 53.64735340336654
50.9890823482914 56.41614098399492
51.310932637139366 51.789849688926324
50.929523859004476 57.10228382044721
50.08724548091051 55.6563249238907
58.81184074529773 52.97061652736218
53.21216116798378 52.337178465066295
56.15251256734345 58.1369185102849
55.92363116760181 50.620526030791225
50.26903145924852 59.34289917383359
54.31956279794988 52.26048206507886
59.38798288694295 53.59729542919218
52.60407502032466 55.143250101687954
56.98874765464695 56.7377529145871
56.95971635973039 56.67317367660104
51.54544647715917 57.36877801422682
58.878156508940826 57.822853482253166
51.39445710411741 59.56417342398157
57.782718448692776 59.583853229042376
53.573595383496766 58.813863239985125
54.9976975671799 52.96319444876203
53.043548587589456 52.65505609210864
55.76363157837437 54.46110335983087
52.47214271908185 54.294976298195074
57.83455951313388 53.10965437022755
55.9472791429524 50.406257415493066
52.62283609545992 58.47056725125383
56.06079672956393 58.15178764957511
54.281587459520864 50.896462037904584
51.22721824935689 59.51066706181575
56.008577180658065 59.52098346092509
50.33052791968308 55.77212801040641
52.684993404850154 52.25250084166716
53.88071556970938 51.11516839078384
55.668618776535794 54.238763828957126
53.527250589072814 53.52246486873718
56.63102583369362 51.55392593303781
52.091151890686774 53.73528395778572
51.821245513914285 59.979923059205156
50.30390091327719 53.29211252896448
56.05128849957101 56.47445284258659
54.33301717116133 51.19257505005717
52.54060746503045 59.87437078605096
56.8261140400528 57.44821966731187
53.02550596601379 58.42202212677289
55.48876400541387 59.35008036934961
54.6513589520237 56.267511019312586
52.78484431818796 50.055872439084716
54.29212542378209 52.26018682965284
52.76419213862964 50.20747758543254
57.383454096617825 53.90893244879527
54.620320960932304 54.67423365613097
51.17921209437016 55.87529021097364
55.05757290541639 53.02744161983986
52.98048632579865 58.548441271954665
59.10451114559386 51.428448655853025
54.74247050141684 56.07429809089788
50.459129808101686 50.28030487693836
59.93322286661026 50.77917649987204
52.08379040916193 59.700010603181404
57.63101456073383 52.77324777745826
58.268099887218256 51.07921897873538
59.4620008112927 53.68530376360062
55.06396260039314 56.09719507091242
54.867156327196184 54.9308524022394
58.08016605509805 52.33091752857085
55.7191279811249 57.93770772368266
50.92801539811706 57.023502404623095
59.607912673580486 58.12428392807135
51.181411218453114 57.894670476874595
59.94969373663398 56.77884915880998
54.637292236190724 55.52965384947345
58.875586449669456 51.757460141849606
52.4646672212662 56.526274875475366
55.667222356230866 50.313818421659356
59.252368878435355 58.340666563643566
54.760966530142085 56.69651123687284
57.529541605079864 53.41897495619598
55.67041188172926 53.33930431796125
56.64781304211175 50.6569853697269
53.122346640595744 52.66150966993231
56.97857604861427 53.25010925355605
50.466765110580326 53.422239340306604
54.33791618258589 51.31971599300045
55.91091672513798 58.617939564175934
52.590303302044106 50.98236622130366
57.34157229271348 57.43126304671758
59.17747139309142 53.16110554853843
59.28656287119617 57.692787935327026
51.0848015986064 58.10710807866498
55.44425534566824 59.0744378039626
56.89592555983008 59.85435728205081
51.300711003911736 53.44398635873524
55.40099405369773 52.39060944989706
54.88124179151606 50.286358668767335
53.44422863468699 58.89707405356983
57.00926280267503 51.0392222186062
52.001799525547455 50.5359032190413
53.17475622995922 58.901337827893485
54.236780793665716 53.15821350891082
59.69246340849344 59.1695719563744
50.49937892745086 58.470595584399504
53.26473447492033 51.7229160204174
58.007473575882045 52.57758758245181
51.36436490267596 57.605505219878594
59.987690750290064 53.79202242045057
53.9041931468511 58.04708533681381
55.89993396766208 55.14726968485536
59.81551673401029 53.10049677421043
58.920773070339976 58.556600100834586
59.534625630536475 56.540121427391405
57.7996307442266 57.095378340117904
59.22205078375235 58.233183352163024
57.06279133502245 51.284099820391674
56.376209038148204 57.22182966337742
54.158713162498714 51.882629242010154
58.899649160584104 51.93897653435941
58.757909107533095 52.506807001429124
53.939260424417924 59.0145136744221
52.787803662418476 50.49801932725287
59.40057640406076 55.528194646655
51.69992318952651 53.107584377186186
54.85741806659023 54.53088739773114
50.56189871186105 53.3458480654818
56.25303486828705 53.09299983913682
55.57124080925598 55.84179982857666
51.56573824025135 58.84649923251587
55.26296701691579 57.869730586107195
55.50333889201224 58.91531932390629
50.27328304820866 51.64848308926106
57.321018318283585 59.93058640503556
59.17253514245993 58.13107171581676
51.98334325027802 58.69420586851108
51.36289451040511 52.13376893964977
57.32882751847107 51.66238886591671
53.737685822018136 57.12687411553482
57.81683059122617 56.777483372186275
57.57502210039212 56.040135684301156
55.22141618004039 59.761697150034834
