73.12507371272288 51.045052517995444
62.876830773982924 52.802913864927355
-1.2460358094250257 54.87174454245761
75.78307810804957 46.82394381491938
-49.587764758734835 -16.490588088933052
-5.921108412485383 39.84907671477302
73.12313392186176 52.927470282330134
23.27689831743747 -13.807815761650168
-25.56833620538484 -3.234163848485787
-35.26895138096266 12.389522975158025
17.04549633690975 -6.273636376372469
-45.63248313842774 7.287127604535657
77.10731634045692 58.878764580493915
-39.10099662978658 5.68833109910301
-47.504656061114275 54.02351250327564
68.79564186788245 52.08038907497279
9.57732815348888 71.7424081531331
77.54671221043317 56.80724075511329
72.4503417148897 51.37962268493755
1.3321963184883057 39.798376360118404
62.057072891449685 58.26289143709089
39.25782244693893 58.11786230571322
-37.98567792794174 -21.485600157906887
10.098702861840883 36.02042205545402
9.69644321242673 39.33190543127713
13.871414586382592 67.50771346091042
64.77466473128975 54.179418954359654
26.33134087146875 13.309726684845327
-18.83659854514171 54.12725121081991
59.11425116944835 54.396994995341565
-45.582602658455365 7.928694174272923
67.58614287823464 58.540847167982676
68.54831793473913 56.05408638627743
35.4074719621198 87.2315985681972
18.713150725291303 45.53178695061043
-47.05823161071548 1.8448144125259525
15.997231665490679 15.600451702295794
2.8020822184618055 7.4399702834000525
-10.83006558092273 31.222558524178012
-24.839720851332476 0.023333666517633134
-28.97085277228804 57.460446597805976
-4.627952358262473 84.09122061959201
66.48270805159383 60.40794251861399
-49.06092436518392 -0.879003550386388
-30.014103993889485 -6.794735631683029
78.78231051158428 47.15340274903067
-46.889262286379 -12.302764398525019
66.75549365649617 56.75796035377796
71.60096901425813 48.91342480217811
69.05520297786268 54.238861895727936
65.89359022030317 50.989246283944325
8.35672839118284 73.11288167717447
-23.184002540273212 -20.303347462364876
12.395582163873598 58.033287195636696
64.194240953796 62.45966426651228
-34.404723339990966 -1.870924447107365
73.98857972015082 50.24589961521037
67.34547398911594 54.2344950366157
-48.76978199480311 -18.2851017232148
66.56200928805382 51.78073214519556
-65.10236350280888 8.371567861879194
74.71422788896105 50.79757216910763
75.48921173217762 53.03235482865139
20.54519334712144 84.87347625667834
-49.72658093102126 29.007241514130282
-33.38261619060512 -17.845668584246877
67.54695779357161 48.937953100821716
69.42526780902548 58.817579744829125
13.748373867707748 36.34951186285435
19.70122289807655 39.74475002518641
30.774668037142252 13.993876484376306
-47.6362314877726 10.93884977242344
68.4203954135947 56.990777618689215
-34.05901057585935 2.044297284957901
63.66549961622301 41.7456606457197
24.757839754981976 79.94967702583577
61.56868480879716 55.4629021433027
72.28470166234489 63.88663172189381
9.952411970667807 42.549356975255236
67.63627914888151 51.82774651345673
-40.42310657417801 -7.32263799873051
-33.599358879083766 49.74700582441142
69.30342806062413 59.79211871511573
44.6390978025136 38.84107874737208
71.63230938321294 55.16457233863136
69.61308352029532 50.10746304843415
67.11319472912456 51.06603865598438
77.16212489892507 52.17040756167485
66.07537302825588 54.028287527911026
14.603588137413919 19.284820498931726
-33.49709119539925 2.1091678506163802
27.245730855837884 33.43117310094857
-35.09736563079541 -5.482220061050116
-42.13800434130228 -13.329827490823156
-26.04012672521698 -24.26685900202874
33.80641742683129 45.46958667639767
-48.58546010733594 -8.727848808890624
-53.5876421797561 -1.8626900975271088
-43.54612986193356 1.646416519327234
57.56362114309478 71.9409874822859
-58.57146706956284 -9.952568605476309
75.31447194524533 55.80048569131683
65.0800205829996 47.65005192501732
66.26770565652988 43.491399869548616
65.26143329008693 53.90209399313197
-39.686691694888445 -7.0982711213251815
72.59437434410103 57.113520868226324
17.89030501567033 23.210602043683103
1.623534828564548 56.63544628434623
-3.608624744779103 18.85593592915304
-20.04736522718531 56.604875934392226
73.73645177680805 47.03555699625339
61.949985988514555 57.567919291900445
73.91546654831176 52.62168399642996
-5.75491666627256 49.96751890519188
-48.87227995840515 12.961101476444048
78.15118635392244 61.659905233259806
14.131830869415838 -21.159406172475936
-33.36960917982131 -9.604356613683578
-39.678133460102515 -5.003453111157983
-49.66305558929717 -8.987771714491153
-31.3568367160358 92.61798806276438
-20.72920741881239 63.46700626264841
13.73264679175712 63.479997533739045
-45.5540848298266 15.134339211456185
-37.24316346978705 -13.791864541135679
-23.578711207889853 51.54690521920639
70.32021310478194 54.32418502978798
74.06658468638862 54.64848558923782
-22.204771873659787 75.37929395884129
-19.570165187961024 -11.682946692022984
28.024234178777267 53.77845037824037
70.28433442035627 58.14254140931066
-13.658777623328424 -1.1269819180466456
66.05835601410942 52.77865371571756
-46.53622252550889 -11.250724593322401
-40.46791364880068 -13.16021071610078
61.684238450159725 57.74968586514845
-60.132202939456256 9.169154168803031
62.181391519682364 52.5543335169512
17.385258700514807 85.69460494191296
66.80081764369449 49.661896756523575
-45.5379524029269 0.9948861395070985
16.142196426243885 64.29789468279034
-3.616875258061576 38.55211159837871
29.444376317047887 28.386826600378832
68.91675265744357 53.61336213128476
-43.77887810125408 -27.607752928322835
-60.5777622012085 2.4569394310697135
14.120990421938968 90.28956866419577
66.90129675625654 55.57573180262351
3.3203532745254005 40.46254604302369
-39.376118964255724 -0.05264304434753342
-27.409625582407322 -15.641138892297919
65.13522868126262 49.325957567724274
-48.48801758690911 5.136522950369402
-47.25989961094248 -15.261824433046467
-44.733957561449614 -16.12091416470406
59.54988450792104 50.10602745475718
67.7177916983934 49.376309182286036
21.171853273193687 69.98583361847876
-38.03196779175222 -5.862495687281415
-4.484062220237481 45.413580090164785
-35.39527060983598 8.204521916920449
76.04809283866219 49.4244429968398
67.83518934313318 51.872549415858174
-41.99884809597832 -12.882141071398037
28.467247675070606 18.94381828840258
64.17938071247627 38.303957943273936
-45.11533410050559 12.557581794367852
-27.243618031543697 24.32109521691659
73.21124502962184 55.9357165675226
-7.544777845000041 69.86100696033037
64.06477242168636 56.32791239548625
63.13032527303729 52.036261614266905
-36.38334804565383 -10.994036998992422
-18.67092087363954 -7.668326010853868
-40.67363764621442 0.9082482962028227
71.45062978234272 58.52811161663552
3.592582139999605 59.483220125531545
-25.077481277322757 -0.23280883181878487
-57.21431727780811 3.102217115157009
70.62374246538587 60.534636627713695
-6.027921862126799 74.08703362659809
20.365655467929052 35.8595320491748
-10.669516250342452 63.33538837873953
55.634717650052714 44.34928327592914
-17.24932409801962 29.7974574206231
62.809581970688875 46.368755699740035
-54.77654601472865 -4.687052505946392
-12.842016422756224 18.8897126613304
-23.125829356629577 10.134400433903687
-41.1409219942429 -1.1284845867494653
1.2780852675557863 83.26919647788975
-59.73854551624992 5.668560867486994
6.302247479342267 35.84981950220805
-43.430507618328704 -2.5349023101339085
-57.40490577306723 1.5781695294378562
7.270809327344967 38.17661338721202
38.59564854710954 47.09952849893128
-33.624027985053395 -13.287311307752798
-57.47569272150956 -1.2549569326210186
-62.16613939026761 6.67422106739366
-30.942158507820512 -7.749273933890635
59.9840727992136 60.252908754609685
-30.38559660598759 -12.672206303378193
-46.47521934091229 -2.693104484268023
62.563481467100814 56.55567899055146
23.429110698418878 60.30236235009538
14.079986530343831 67.44329612450366
-44.74292765103964 -14.17347714732104
-8.492932432763238 21.60638729203901
-8.471085335734108 39.32478932539258
74.88247041673506 51.90259346894317
67.66802423486736 51.81510636725284
-34.143988034223426 9.26266174069597
-38.11276009286505 -11.193182658018266
-26.355497279290674 -13.077422220493311
-29.877760973673304 11.300726348349981
43.85646450951942 77.10184713639237
2.216024079712744 78.31427003702149
1.381984425653231 59.552607609964156
-24.967699045460378 2.0422170164438036
63.74075129354889 55.365561749383104
41.63823604656464 64.25813374813389
3.45600011874601 75.48312665763565
-50.75139757441242 -1.6614065928009758
59.67092992681643 31.075655159933085
69.5188041339721 47.53375783242437
-3.6506277873989124 44.29310033671932
66.38366600832984 57.687767977898034
-44.21272508817154 3.6861397733008694
-36.25776304657067 6.41284131246505
-48.80275090503648 -12.536215050244177
-38.010411392451005 -14.912800775453281
73.6057857505032 51.998692165192146
59.51654395470569 53.46557787045662
-36.654154982716314 -8.11252951389692
-46.71431658502365 -6.425456670698022
43.74041792203323 67.73604273530711
13.23763165266814 6.892686208383623
66.5117657014435 63.61621079333959
18.9591431046677 34.04134927428177
-29.42822873002962 -7.722211100103493
75.41333579544268 58.443878331223935
-35.361639417907696 -6.258439134182767
66.11308779314824 59.285425968842354
72.43608913163933 57.3410846103771
75.05247020465399 57.615687958419485
5.458192763642158 83.55152257041107
-9.35795443274218 63.04258820173838
-31.30436762907543 -15.697990898273506
-17.423859686173273 89.01588263179532
71.86394984793537 57.04454709300015
-50.3012797783472 -1.4098073544463219
-40.26662433738153 10.553698439327661
64.89725394399555 53.178403213673164
67.23157740413315 64.03978011073005
-28.998838605647546 -12.323738118666467
-11.604317920711509 9.262358588183215
13.897109786677797 61.57252644551734
67.07946611167844 55.505820285506
-35.934324051109726 -4.806095020036496
73.58449387177254 54.22146205835861
12.248593734154376 101.22549959251731
72.37640885595897 55.161067122551444
73.97167611481373 54.89538428121772
69.624791491729 52.449948646167016
-33.91596650437368 -5.418524849206534
73.99325350453256 61.82294281993924
-28.41578470641693 -13.327079237759323
65.42592287463778 55.924482436307585
0.9300943996721056 54.021425214889405
-11.015511088105612 52.163596744600866
43.23115100743177 46.60406038227579
-46.41833691293668 -16.25689978886216
-1.4561791993350326 89.13176858272297
-27.58670003266003 22.171823840795113
-31.77601403929728 -2.479096546329753
48.98397608279291 37.1146352858597
26.30998112887669 48.35109674480853
24.473671078397395 47.627010878998995
-65.49334347051933 19.280043481179465
59.09545127265163 53.54286154361916
10.564238277095782 44.52770491038443
72.39773903388469 58.40081779335183
18.164338020615503 44.949566989874974
-35.79696002666978 -23.770919638995682
-41.008025429039904 -2.674452120027757
12.86549290420902 40.49747263454647
28.694492931676315 50.78153983177135
-23.286572681368067 5.99035630254261
60.71420541822748 53.73379847982065
73.32019619955163 58.583455661460924
-38.2010859251805 -18.453897716146255
-53.558864302715676 -12.050496310315042
67.08990393527054 57.99780764079169
64.86870126368007 54.435020546904155
-49.56645364230687 -10.521238864059725
-39.99443659040459 -1.4563565822375857
-57.66958688823408 9.391315731607026
-24.486877033150982 50.7183556841327
-37.53188343022701 -1.125678902495446
62.87000503326132 51.81195626798946
-32.400163423104246 -4.9910683841356995
67.51680093352606 60.71470299785816
17.340247406692477 31.71708837795553
68.16781080109216 61.802980449726604
73.18019316319555 52.30689936742435
-24.586833850301506 1.9847584016907582
-17.729365015655638 97.82697916834663
15.977359747418083 58.52775679383881
-25.435183720950427 -22.683475841913385
-32.98787439451685 31.604617330408526
-34.245783200565114 -3.2264663554879913
-49.376136512295105 11.319020043616348
73.31905402910293 61.77047037691131
-25.856796628694745 -3.4131162630516165
65.39463756536153 48.944727542605165
-6.996572355898554 13.040081887823431
-51.50257537339119 8.341417742436743
72.8893789586168 54.963170156328324
63.92622544844404 55.367807508633206
-35.91640454521411 -26.593493735167133
-40.37771703766232 58.827236171363275
-43.44817855778976 -21.819691706026553
28.513622372894993 62.92595845855338
72.10361553762863 59.592894841821945
-23.95455518978677 -16.976943948301965
71.60980694216776 59.32176951446202
-41.33838672648842 -1.4970278145804539
67.30940913838393 55.18052800047609
39.745361726443356 36.30821484435896
68.71845153784358 49.10686402581363
71.74352732977802 54.942752884170886
64.78320216669823 58.760123969587134
64.14458304581352 52.58651682868638
75.04321893406821 53.35389138840256
-23.68727063948766 1.287073470344584
-42.17604790322953 -4.6475932131316
-49.28627334108862 18.453470762988758
-35.66376552055129 10.120660211603312
73.22783575939765 47.010803147692414
-5.306983922680697 52.57400389173297
66.55606128188322 54.380428427728006
-46.14597138339845 0.815128360303472
-34.93893223775687 -16.523291843827117
-37.68739149445773 -9.459129840880358
-54.088409168962954 -8.410577129232797
-3.7800373786287977 60.653745134150995
77.68912275890963 56.47747493058043
-4.529246555105129 46.456524074352714
10.33774907345158 52.8311113976368
72.81900155830893 61.87582006114553
-38.59004280101894 -6.559362347378865
69.2405840453945 61.334257623943884
77.27859714967315 60.97088537072147
4.233721576741383 61.93413135290442
75.850069041564 53.94463864270662
67.05931507269898 56.37443351493819
72.74503612116541 53.10112999673458
-52.11712537312033 -1.9510809895139403
-41.00447915346061 -19.855853747016674
66.84258784210643 61.009042601623094
62.06481746381995 52.10335109191486
17.94556363244073 34.966044626147706
10.75676397709322 32.68821012079344
71.84245948039052 55.890718427065934
-43.943621938224396 -7.743651831855276
78.01343487758173 51.91115259045276
20.10241041043292 85.32040384001064
65.57579232136649 51.70477274406734
11.386248974100774 70.0484791702207
69.65725245956097 55.72770328737788
-37.711172871178974 1.6151130696218896
70.33606602863844 55.5821471685288
37.45284584558176 47.69063780346612
66.59882698431517 41.91273027518706
27.68260211533242 74.03632559451437
-36.805370626972014 19.215665523179396
-29.81505398480964 93.08478928181835
-65.14735904714358 -16.94924415944886
63.68133553991107 57.30618725861521
-17.705500062635018 86.07351364013766
69.26969021482307 64.59255298530961
-45.82073371322199 -10.794600474874514
-39.71840276974304 -10.42117234130715
75.65700760201918 56.55496263416347
-21.18141767395312 37.23781899499793
-7.433479669084182 44.789953382481784
9.499092828645415 72.78250943339962
-41.40738720198286 -15.423751195920037
-35.86395659636443 -10.726311114275067
9.70228844666833 68.56643917684633
75.76295122587942 58.64509757031493
2.800018157844315 58.60003170252429
-38.171897488652604 4.207436633274941
68.16752785810361 61.52952975073613
62.60070468563651 60.776218840660896
-37.639833906793086 5.445985636385053
68.1884026678555 51.534001942855674
9.85992937528005 59.914926533282696
68.63443233038979 50.3492949042953
-2.0048065353895073 44.01583349132332
73.60872200893516 54.60680543128957
-34.6933379804839 47.816505761360276
-43.33906699720984 -1.3813416329765538
-8.969482702775364 21.736133632220003
11.986944673787994 69.8145182741345
76.56558238522055 52.36263070847986
-23.236912913793837 1.0939720671387132
-28.505980146538814 2.3983577603335693
-30.55294029575876 3.3332626883976335
56.144519603031554 58.38994576887152
13.662420721786344 56.24979672152964
70.54028049207238 51.20423404136801
73.72029849611673 48.8229703326776
67.37140007089661 51.66022573049926
-35.748635642627775 -0.578942538523588
-57.94920445706785 -3.00676911033646
-23.770922581736844 -14.902423018701327
-30.69456203498369 22.34570980897045
4.41582791490327 73.41251536618071
-39.17796503936677 7.626628503722062
-0.7685746196414556 63.16342343529766
73.98778093350212 50.28191525313556
-35.71757617701857 8.964560555850047
67.39738242073724 64.77056097549445
-26.120454529180613 13.53443489395815
-41.94194368955792 -8.922719671585941
-45.677798520476784 -9.988678180099066
12.111452068365729 26.36289166718064
-52.85342576042248 -15.422830300106902
53.57189180302255 65.96568495222927
-45.28984854055942 82.06091625614138
68.33498057931362 56.50987457034309
23.00587308931287 40.959472849196416
14.111069273793992 42.61080399567349
-26.667421056427845 -3.000975903231504
-22.899544326811146 41.950512156964336
-45.56751995009327 -1.6951181097994539
35.43542222640324 20.05198884004696
73.29566931425214 71.07768722463152
36.98801397724097 58.5148481407311
-42.55666465988638 61.21859327506665
-31.456911666431093 -20.01194954819966
60.71513697416157 60.70468329965983
44.86447557634385 84.58320118546816
79.51409510987105 51.57057627314284
-43.947225718965015 6.058345414945139
-53.53153644077388 -16.186621703849138
72.891480718029 50.50776158840054
-47.44184136056218 -10.832701132916549
-32.234157819227356 -7.6973441489404415
-48.30604008503517 -13.638109084459957
65.53508052689811 54.464373910450746
4.1273406472216845 14.592166452672917
76.61408762107507 58.83464380445215
-33.864434892122745 6.728734985927343
37.12564303100401 111.60526590092277
7.587893941075787 25.69808661690037
78.94657419374528 59.190684358867344
73.02599684042241 56.94073756711237
-30.647567180033022 3.904739759195275
-35.88925973066226 5.036399272890861
-56.74172776493529 -0.4376223924274836
81.99227696073223 61.6757735485864
-29.342912056221238 -1.9239892308844109
66.2479384612204 50.194960408779046
76.67906574454156 50.467352400096665
-39.93391377803172 76.80632614832619
-29.37178175063769 4.855464883078788
74.42765188870575 51.03193555798666
-28.37322653920839 -0.2986988951985392
8.867640064832791 76.3750414218576
67.71106720982574 56.14288155971633
61.34229719026547 52.47312127824762
68.15300408231172 49.25939478244289
67.59446241117276 57.095912848445
-39.929392115515355 2.0073055593970413
-4.100660027107432 -8.335186772688088
-8.67907753485519 74.40173663670984
-31.477982102193067 1.2117872282949538
9.050154895631426 20.871890031379664
-41.27823491672514 2.5141924013735473
32.29474257631813 116.71537641685893
66.26387944576199 55.14640483820624
-38.1534227769297 90.248769389299
-34.62362332811786 25.1605498018518
34.40196150648647 43.77234852066507
-53.0126088987147 -10.61182213680846
61.13360957323273 48.873525859329405
65.3651336425021 56.35005200735271
-42.16994200824562 4.028782267199649
3.255784756776645 43.79025182846078
-34.15011160745433 -13.597459222105579
75.76398272688779 53.587314540467716
6.209326746133428 31.1092845238043
-46.64962792251835 14.82673403067508
69.42463887786701 55.46106047736317
